0 1 1233658800
0 2 1232563467
0 3 1231614600
0 4 1231598672
0 5 1234365964
1 2 1231510843
1 0 1233658312
2 1 1231510554
2 0 1232566300
3 6 1234264716
3 0 1231598049
4 0 1231598836
5 7 1239199090
5 8 1239139106
9 10 1244228035
9 11 1245700625
10 9 1236775619
11 9 1245700831
12 9 1236285394
13 14 1234474800
13 15 1232058892
13 16 1243468799
13 17 1234331357
13 18 1231968369
13 19 1236682304
13 20 1238127123
13 21 1235946912
13 22 1232197635
13 23 1232058758
13 24 1232730936
13 25 1243469940
13 9 1234388431
13 26 1234033523
13 27 1232197646
13 28 1235928198
13 29 1234477904
30 31 1235141157
30 32 1236523536
30 33 1233891663
30 34 1240230046
30 35 1234525877
30 36 1238855852
30 37 1245536890
30 38 1238486136
30 39 1247463435
30 40 1244408128
30 41 1234531722
30 42 1236257559
30 43 1230836095
30 44 1238935486
30 45 1244228739
30 46 1242830993
30 9 1239820214
30 47 1245422689
30 48 1242125074
30 49 1234831148
50 51 1233875038
50 52 1232712345
50 9 1233613921
53 54 1249961768
55 56 1248874748
55 57 1243595916
55 58 1245696743
55 59 1237225671
57 55 1243596344
58 55 1231182534
59 60 1243262482
59 55 1232550855
59 61 1236716662
62 63 1242749564
64 65 1233612314
65 66 1247034822
65 67 1236948575
68 69 1233290934
68 70 1241549852
68 71 1232380988
69 72 1238786967
69 73 1250732619
69 74 1232334797
69 75 1232410967
69 76 1239986269
69 77 1245151329
69 78 1231781525
69 68 1233358123
70 79 1237836148
80 81 1234838433
80 82 1236109122
80 83 1233706397
80 84 1239583412
80 85 1234797823
80 86 1234405194
80 87 1236371899
80 88 1231958946
80 89 1234917653
80 90 1233281659
80 91 1232142098
80 92 1234910922
80 93 1234018208
80 94 1232332767
80 95 1235585058
80 96 1235689938
80 97 1231859218
80 98 1232651712
99 100 1233019336
99 101 1246897324
99 81 1242242700
99 82 1235083109
99 102 1233209064
99 83 1235505356
99 85 1238209301
99 103 1242418525
99 86 1234213406
99 104 1243525983
99 105 1237239127
99 106 1244821572
99 107 1232692700
99 108 1241045496
99 80 1237236075
99 109 1240929730
99 87 1232657156
99 88 1233159612
99 110 1236711998
99 111 1243003864
99 90 1239410877
99 112 1233945144
99 92 1233960645
99 93 1233099920
99 94 1232244002
99 95 1233337712
99 113 1233012192
99 114 1243611174
99 115 1240621507
99 116 1234627693
99 97 1233280797
99 98 1232669363
117 118 1238176962
118 117 1238176394
118 119 1244558823
118 120 1244208698
121 122 1245410303
121 123 1247592032
121 124 1248195578
121 125 1245070710
121 126 1241474660
121 127 1247154695
121 128 1231867110
121 129 1234555227
123 130 1232373684
123 131 1241789336
123 18 1232484073
123 132 1232374181
123 133 1231945633
123 134 1234147264
123 135 1233339502
123 136 1233869808
123 137 1234908581
124 138 1240765974
127 135 1244836692
128 135 1233145473
128 139 1233142048
129 140 1249050387
141 142 1236137720
141 143 1234184081
141 144 1234893454
141 145 1231911904
143 146 1243344048
143 141 1234400333
144 147 1236025181
145 148 1232052239
145 141 1231928603
149 150 1233490843
150 151 1242036050
150 149 1233490408
150 152 1231516239
150 153 1245604296
150 154 1232198701
150 155 1242504579
150 156 1235424309
150 157 1237675315
150 158 1231784638
159 149 1235649674
160 161 1242688669
161 162 1243004323
161 160 1242688583
161 135 1244765548
163 164 1235479816
163 165 1241020568
164 163 1235478562
165 163 1241015055
166 167 1247749028
168 169 1235599876
169 168 1234032377
170 171 1243032082
170 172 1231474871
170 173 1248489484
174 175 1233669190
176 177 1248785105
178 179 1236721946
179 178 1231325192
179 180 1230934478
179 181 1243366099
182 183 1237115855
184 182 1248161968
184 185 1242770383
184 186 1241078866
187 188 1234394356
187 189 1242679318
187 190 1238013102
187 191 1239047204
187 192 1231801280
187 193 1233858212
188 194 1248443882
188 187 1234379781
190 195 1238374266
190 196 1241806546
193 187 1233858660
197 198 1242779395
197 199 1237852568
197 200 1233440107
197 201 1237311953
197 202 1230094196
197 203 1243910359
197 204 1237313285
197 205 1233025598
197 206 1231408074
197 207 1232915688
197 208 1232326157
197 209 1235877843
197 210 1246420750
197 211 1249378035
197 212 1239096397
197 213 1245233942
197 214 1232108210
197 215 1234897433
216 217 1237641490
216 218 1231874910
216 219 1234355685
216 220 1235306908
216 221 1232911651
216 222 1232241859
216 223 1232147401
216 224 1235995079
216 225 1232482974
216 226 1233628395
216 227 1235101112
216 228 1232401518
216 229 1233327903
216 230 1233693654
216 231 1235308518
216 232 1232296811
217 233 1237296788
217 234 1231875336
217 219 1236090652
217 235 1242952379
217 236 1237413414
217 237 1236264476
217 238 1232375238
217 239 1231812712
217 216 1237641616
218 237 1239970789
218 240 1232536675
218 241 1231857800
218 242 1232301115
218 20 1231876621
218 243 1231160468
218 244 1231774925
218 245 1231778749
218 246 1231775222
218 216 1231874286
218 247 1231952875
219 220 1236423298
219 248 1234259929
219 249 1236612713
219 216 1235996415
219 250 1237204942
219 251 1236613437
219 252 1237033903
220 219 1231764337
220 253 1230299317
220 254 1235279985
220 216 1235305814
221 216 1232236654
221 252 1232235837
222 255 1232463851
222 236 1235400051
222 238 1233458730
222 223 1234102278
222 216 1232236540
223 235 1241109993
223 256 1232303024
223 241 1240475331
223 222 1234101698
223 257 1234855531
223 258 1231484221
223 246 1231872732
223 216 1231873643
223 251 1236613273
223 259 1231946630
224 260 1248374444
225 261 1231449852
225 216 1232482151
226 237 1235222345
226 216 1233628691
226 262 1235582237
227 263 1231432776
227 245 1235582700
227 264 1231771120
227 258 1231483044
227 216 1235046687
228 237 1235326844
228 238 1232638036
228 239 1232639656
228 265 1232549763
228 242 1232675490
228 258 1232676726
228 230 1243512135
228 216 1231710936
228 266 1232594601
228 232 1232577437
229 267 1235526665
229 268 1232895356
229 248 1233137813
229 238 1235689284
229 265 1233699230
229 243 1234529507
229 269 1234012301
229 224 1235821717
229 270 1237372386
229 216 1235677351
229 231 1232367573
230 237 1235758999
230 271 1239539246
230 272 1250614142
230 273 1232309606
230 216 1233693436
231 234 1244928939
231 268 1231939440
231 274 1233000208
231 270 1233346574
231 229 1232368004
232 268 1232245902
232 245 1232635577
232 216 1232135936
232 262 1232231124
275 229 1232578921
275 216 1233506535
276 277 1235171039
276 278 1242449030
276 279 1242418461
276 280 1242602708
276 281 1242504059
276 282 1242375227
276 283 1246628317
276 284 1232235068
276 285 1234988147
276 286 1242594200
276 287 1248982372
276 288 1234203321
276 289 1234209803
276 290 1232120105
276 291 1234198440
276 292 1242393800
276 293 1234123645
276 294 1250271714
276 295 1233768314
276 296 1232207758
276 297 1234161633
276 298 1242741246
276 299 1246642962
276 238 1234971186
276 300 1240856383
276 207 1243416203
276 301 1248211533
276 302 1234145853
276 245 1249752262
276 303 1242574233
276 304 1246530318
276 305 1236604943
276 306 1235005230
276 307 1234283682
276 308 1233752102
276 309 1242401074
276 310 1245407059
276 311 1234142454
276 312 1234201787
276 313 1234202101
276 314 1249041645
276 315 1244617453
276 316 1249490503
276 317 1242728667
276 318 1244550469
279 319 1246093909
280 320 1232110150
284 321 1230631649
284 322 1232679961
284 323 1232746773
284 16 1231950030
284 60 1231387017
284 324 1236093795
284 325 1234573920
284 326 1233427030
284 41 1233279654
284 327 1240261142
284 328 1239552916
284 42 1235841067
284 329 1234663406
284 330 1239733426
284 331 1230817339
284 70 1239976176
284 306 1231346556
284 332 1233937305
284 333 1231984946
284 334 1237091406
284 335 1234563270
284 46 1231436719
284 336 1234941973
287 337 1238624578
287 338 1232458692
287 339 1235956364
289 340 1243397274
292 341 1249052083
292 342 1245590370
292 343 1244952253
292 344 1232483185
292 345 1236353833
295 346 1240506834
295 347 1235529907
295 87 1243869891
295 348 1234198092
296 349 1248728837
296 350 1232376638
296 351 1235027955
296 352 1241716901
299 353 1248489873
238 234 1230994890
238 222 1233458881
238 229 1235689432
238 262 1233024650
238 251 1241238300
245 255 1243007520
245 218 1231778845
245 354 1232549257
245 273 1231539362
303 355 1232317927
304 356 1233706342
304 357 1238779000
306 284 1231346897
307 358 1240603273
307 359 1232308130
307 360 1240599199
307 361 1244744797
307 362 1242856734
311 363 1235139034
313 364 1232130398
316 234 1232989047
316 249 1233582286
316 245 1239796406
316 216 1233345353
316 251 1236694268
317 365 1240489095
366 367 1232467043
367 368 1240340356
367 369 1233716473
367 366 1232373352
370 371 1230519284
370 372 1234220053
370 373 1229731090
370 374 1230749176
370 375 1237662328
370 376 1230570095
370 377 1235609727
370 378 1236265621
370 379 1250608299
370 380 1232240942
370 381 1235826391
370 382 1240584518
370 383 1231478896
370 384 1238714314
385 378 1235954069
386 387 1243866824
386 388 1233938809
386 367 1231370777
386 389 1249927011
386 140 1249675757
386 390 1232121586
386 391 1235321905
386 392 1231243579
386 393 1239374080
386 394 1242659906
386 395 1241788014
386 396 1248108725
386 397 1237384396
386 398 1249387962
140 129 1249050435
391 399 1235239023
391 364 1231434009
397 249 1232852176
397 400 1243101139
397 316 1231771260
401 402 1233448541
402 401 1233456404
403 73 1239318088
403 401 1247850300
236 404 1235442687
236 405 1240328820
236 406 1241655897
236 407 1235226391
236 359 1231730937
236 408 1237391646
236 323 1233435923
236 363 1234808879
236 235 1242914624
236 409 1239452613
236 410 1234215917
236 37 1232419505
236 411 1232147950
236 412 1250078381
236 413 1232085050
236 414 1234042077
236 20 1234625052
236 415 1241366294
236 416 1234224754
236 417 1235265829
236 222 1235400976
236 418 1248386940
236 419 1233287638
236 420 1232442532
236 421 1236613892
236 422 1248347426
236 423 1233853448
236 424 1248683276
236 425 1236613705
236 426 1247697581
236 251 1248360022
427 428 1232813864
427 241 1244824453
427 420 1233085376
428 268 1231334691
428 427 1232814146
241 223 1240475458
241 427 1244823931
420 429 1244469306
420 430 1232985202
420 427 1233755556
431 427 1248326942
432 21 1245519513
432 433 1241969362
434 433 1244212748
435 436 1242391296
435 437 1238678471
436 435 1249756230
437 438 1242866513
437 439 1248697389
437 440 1236182923
437 435 1238700606
441 442 1237680868
443 33 1234822670
443 444 1237505591
443 445 1235776188
443 446 1232756991
443 447 1235969779
443 448 1233623767
443 449 1232063989
33 450 1235014960
33 451 1233767851
33 452 1242341562
33 30 1237216518
33 453 1237244993
445 31 1236357184
445 333 1237303235
445 443 1235777515
446 454 1243287336
446 443 1232062498
447 443 1235970244
448 51 1234903559
448 455 1250715996
448 456 1236685982
448 457 1234144080
448 458 1241028288
448 459 1242591680
448 460 1236050093
448 461 1233296078
448 269 1238534744
448 306 1234145487
448 335 1236048069
448 462 1235589709
448 26 1233182160
448 463 1239372932
449 74 1233868210
449 443 1231975719
464 465 1237187014
465 464 1237185851
466 467 1238114470
468 469 1247245367
468 470 1246456963
468 471 1242390601
471 472 1236861245
473 474 1250628149
473 475 1248038782
474 476 1235173964
474 473 1251259525
477 478 1243963611
477 479 1230993784
477 480 1238672354
478 481 1248886396
479 477 1230742284
479 482 1246540679
480 483 1236213787
480 354 1237254260
480 484 1237599897
480 485 1243971989
480 486 1234825611
480 487 1247524628
488 489 1242162044
488 490 1249093283
488 491 1241709037
489 488 1242086965
489 492 1240967109
490 488 1249088295
490 493 1243366253
491 488 1241626011
494 488 1241980904
494 204 1244289926
494 495 1249297257
494 496 1236955712
494 393 1251644134
494 497 1240398205
494 498 1250948167
499 500 1236875047
499 501 1231189126
499 502 1232486784
499 503 1236875692
499 504 1231409055
499 505 1247921674
500 499 1236875353
502 499 1232896770
502 503 1236929173
503 499 1236345204
503 502 1240521710
505 506 1243595176
507 508 1232589861
508 180 1243325935
508 507 1235268819
509 510 1247485385
509 511 1246224553
512 513 1234826629
513 514 1248782210
513 512 1234696570
513 515 1243936680
516 66 1232047472
66 256 1235165857
66 517 1244015478
518 146 1231288252
518 519 1232744643
518 520 1234990387
518 284 1232131559
518 521 1233005827
518 522 1231787028
518 523 1233187982
518 524 1233002811
518 525 1231278520
518 526 1231791688
518 527 1233002706
518 528 1233002851
518 25 1232130110
518 529 1234857291
518 530 1235444053
518 531 1231793048
518 532 1233002721
518 533 1233866887
519 534 1239631301
522 243 1232178792
25 46 1235407860
529 535 1231368135
531 536 1231898319
537 538 1242075512
537 539 1240875889
539 146 1241015975
539 143 1231606476
540 541 1244183306
541 101 1249506235
541 540 1244161368
542 543 1235565224
542 544 1243111336
543 545 1250463741
543 34 1234182009
543 74 1232888148
543 542 1238584326
546 547 1249994235
546 74 1232411404
546 75 1234354756
546 548 1239975579
546 549 1236696774
546 550 1235317681
546 551 1238146877
546 328 1237672661
546 552 1237216969
546 553 1237486983
546 554 1237298709
546 555 1242495211
546 556 1243848016
546 557 1240329210
546 558 1238003267
546 559 1240914550
546 560 1243978235
74 359 1231708779
74 469 1235105544
74 32 1240186401
74 561 1233091676
74 69 1232365620
74 562 1231694782
74 37 1235479912
74 543 1232887801
74 330 1234551146
74 546 1232398816
74 334 1241742830
74 563 1236798018
74 564 1231985897
75 565 1234180501
75 130 1231146046
75 566 1247173574
75 567 1231301190
75 568 1234207668
75 569 1230476791
75 407 1234815677
75 321 1230576037
75 455 1250190647
75 570 1234066652
75 571 1233200192
75 572 1232020797
75 573 1231982529
75 574 1235055925
75 575 1231854095
75 219 1236878926
75 576 1233155464
75 577 1231537952
75 18 1231399528
75 578 1231327073
75 579 1231293934
75 580 1230843045
75 69 1231397811
75 292 1236301101
75 581 1234359596
75 582 1238074601
75 583 1230842919
75 60 1233012201
75 249 1231379713
75 444 1231299323
75 483 1232020035
75 185 1231035462
75 584 1231761374
75 585 1231538609
75 37 1233199362
75 324 1235076554
75 586 1233015885
75 587 1233073282
75 588 1234136962
75 589 1233964230
75 590 1236627793
75 591 1233446666
75 592 1231414106
75 593 1230670794
75 594 1233205339
75 41 1230839722
75 327 1234213411
75 522 1231048655
75 595 1233269987
75 596 1230839022
75 597 1231300811
75 274 1234212467
75 598 1233024675
75 599 1231309113
75 600 1231538023
75 390 1230672862
75 601 1231538069
75 331 1231605077
75 602 1234209278
75 351 1231700647
75 603 1234354838
75 604 1233927278
75 605 1233270018
75 546 1234354609
75 606 1235405695
75 607 1231299341
75 70 1232071002
75 22 1231247245
75 608 1235710887
75 609 1233155253
75 610 1232482458
75 611 1231290768
75 612 1233270778
75 613 1231685759
75 25 1235406509
75 614 1249049685
75 615 1233733932
75 616 1231537992
75 617 1234440772
75 3 1233928099
75 618 1248876152
75 619 1251320373
75 620 1233248723
75 621 1232546753
75 622 1248884697
75 422 1234314288
75 623 1233248344
75 624 1233460754
75 11 1243205604
75 68 1231936007
75 625 1235059826
75 216 1232652600
75 626 1233928265
75 627 1234221985
75 508 1232656674
75 628 1234315668
75 266 1232041051
75 629 1233705937
75 630 1232726498
548 631 1240793541
548 632 1236974184
550 633 1237207854
550 551 1233924886
550 634 1234107415
550 546 1235321371
550 635 1241636392
550 612 1237242732
551 636 1239019939
551 550 1232837194
551 546 1242773451
553 74 1245316747
553 546 1248967271
553 637 1242952314
554 546 1237305417
556 638 1247235478
557 639 1244743703
557 546 1241544608
558 546 1238006154
640 641 1241436423
640 642 1233259350
640 643 1239140574
640 552 1249600455
640 644 1233778186
640 645 1240500064
640 646 1233084724
647 648 1243884631
647 649 1231832649
647 650 1234278005
647 651 1235495215
647 652 1246498762
647 653 1231647414
647 405 1233840945
647 654 1238440199
647 655 1238439354
647 656 1233621585
647 657 1233775580
647 658 1241039548
647 659 1240278286
647 660 1231722157
647 661 1234365790
647 662 1235597329
647 33 1235014759
647 663 1231978418
647 664 1236288109
647 665 1232001836
647 666 1236314936
647 667 1233363178
647 668 1231634654
647 669 1233354664
647 670 1232682308
647 671 1233600026
647 290 1231858042
647 672 1231648900
647 342 1231711142
647 578 1232047330
647 673 1249350099
647 452 1240358268
647 674 1236456063
647 675 1231615746
647 676 1233694841
647 677 1232306759
647 678 1231876783
647 679 1234737297
647 680 1231811423
647 681 1233865570
647 682 1247601385
647 683 1235018378
647 684 1238168929
647 685 1231717783
647 686 1234486330
647 687 1243613375
647 688 1245327541
647 689 1234823289
647 690 1235059112
647 691 1233334399
647 585 1232070078
647 692 1235840408
647 693 1232512153
647 430 1237159627
647 694 1235005438
647 695 1234818529
647 696 1236288820
647 697 1243883035
647 698 1231712033
647 699 1247573132
647 700 1232667840
647 522 1233879111
647 634 1235838741
647 701 1232242568
647 702 1235508420
647 330 1234845012
647 703 1231701268
647 704 1233335313
647 705 1234800727
647 706 1233878468
647 439 1248485793
647 106 1247599917
647 707 1238439510
647 708 1233942234
647 709 1231809133
647 710 1235761167
647 711 1232608162
647 527 1235494989
647 257 1231825905
647 712 1236748304
647 713 1235195753
647 714 1239074489
647 715 1245961769
647 643 1233890787
647 539 1236287474
647 716 1235839297
647 493 1231718301
647 612 1236738693
647 7 1233264881
647 717 1238094382
647 718 1235841445
647 496 1235950506
647 719 1236547870
647 720 1231795746
647 721 1232292965
647 722 1231875506
647 139 1235597065
647 723 1233354304
647 724 1234326643
647 112 1231892214
647 497 1233845406
647 725 1234584435
647 726 1237265790
647 727 1233777674
647 728 1231555335
647 729 1242955317
647 155 1242506427
647 730 1241034942
647 731 1234277989
647 732 1251747468
647 733 1236970055
647 734 1243614934
647 735 1231902975
647 736 1238787058
647 737 1233847389
647 738 1233639795
647 739 1241036049
647 740 1237473797
647 741 1233621553
647 742 1237175031
647 743 1232382954
647 744 1234798221
647 745 1239302773
647 746 1248486901
647 747 1246996635
748 749 1231540501
748 750 1233187074
748 49 1235606326
49 751 1233511938
49 478 1234886903
49 752 1237494605
49 753 1232398690
49 754 1240010547
49 755 1232370882
49 256 1233083141
49 756 1231944694
49 634 1234055305
49 460 1236132031
49 604 1234548826
49 757 1234562702
49 758 1233874149
49 222 1237370042
49 759 1237568374
49 224 1236987802
49 760 1241143484
49 761 1237237523
49 762 1232291356
49 419 1235440484
49 763 1235590464
49 764 1240335511
49 765 1234809416
49 422 1245683942
49 766 1241527154
49 767 1238263249
768 769 1236884766
768 770 1239668687
650 665 1231877153
650 771 1235421299
653 772 1236948152
653 773 1235844256
657 774 1232339678
661 775 1232754814
661 776 1233022226
661 777 1242769345
665 650 1233278063
669 610 1242008363
452 33 1247181719
452 778 1241533613
674 779 1234913583
675 780 1235539009
675 709 1234628445
680 781 1239152814
683 670 1232570884
686 782 1247942013
686 783 1241055293
688 463 1247494777
690 784 1233085257
690 785 1234452991
585 71 1231425554
430 350 1236874447
430 420 1232969965
694 786 1230271830
694 17 1234019937
698 787 1231911346
698 755 1233028987
698 243 1231273747
698 262 1238378540
699 461 1231014152
700 723 1244782047
634 323 1235099560
634 550 1234108158
634 788 1237469025
701 789 1245585469
702 790 1241445184
330 791 1232146060
330 606 1246833351
330 635 1246406798
706 792 1245466196
706 793 1241370810
439 437 1249377592
106 87 1238473863
709 31 1235245460
709 675 1234628598
709 794 1232333466
709 795 1244393263
709 796 1233370640
709 797 1242698497
709 798 1243368854
709 799 1247150073
257 784 1240511093
257 223 1234855614
714 630 1232299323
715 624 1249951891
612 550 1237204536
7 800 1244837380
7 801 1247420865
7 324 1236700196
717 802 1248197840
719 803 1232118525
139 128 1232904993
723 804 1231477576
723 700 1247523469
112 91 1245977958
112 98 1235161433
732 44 1250261946
733 31 1234470761
737 805 1243716506
743 806 1232154601
807 808 1243247830
807 809 1250735967
807 63 1250338787
641 808 1242071988
810 811 1242309414
811 812 1237659293
813 814 1247742106
813 815 1234735881
813 816 1233696905
813 817 1231187462
813 818 1231192827
813 819 1242912134
813 820 1235497456
816 815 1248075311
816 821 1234352293
816 813 1231187422
816 822 1249412556
816 823 1248458831
816 817 1246616070
816 818 1231621616
816 824 1231585831
816 825 1247243770
816 819 1231262915
816 826 1233578634
630 827 1238591969
630 445 1233450177
630 828 1232719051
630 714 1232293743
829 830 1241190810
829 831 1237292062
829 832 1230936405
829 833 1237598530
829 834 1244749307
829 202 1233554003
829 835 1244207715
829 836 1237481905
829 837 1247849405
829 838 1240927663
829 839 1238188277
829 840 1247077031
829 841 1246514290
829 842 1238879134
829 843 1237636788
829 844 1242409441
829 845 1243042086
829 846 1249447459
829 714 1245555486
829 847 1236930608
829 848 1249582012
829 312 1249162150
829 849 1236481667
829 850 1237108543
829 851 1240772702
852 714 1247000261
853 854 1242392182
853 855 1241043937
853 640 1241550998
853 772 1240580584
853 856 1235742333
853 857 1246037160
853 858 1245161662
853 859 1233447537
853 860 1245161627
853 793 1235998302
853 861 1237560474
853 862 1250106463
853 863 1232062257
853 864 1247255480
853 865 1247584420
853 866 1236190983
853 867 1235672585
853 868 1247677865
853 869 1247840457
853 870 1246960629
853 871 1240582206
853 872 1250271250
853 873 1242921458
481 874 1248878933
481 568 1235059099
481 478 1248883465
481 875 1240006605
481 876 1244734772
874 481 1248880653
568 877 1249477339
568 878 1237991068
568 876 1237564140
568 879 1237841663
568 880 1238504332
568 881 1237578389
568 882 1231394244
568 883 1231967723
568 481 1245773479
568 422 1236084861
875 260 1244574787
875 568 1249512662
875 878 1241549658
875 481 1244236169
876 481 1244735554
373 371 1230498692
373 884 1232136963
885 886 1244033975
887 288 1249994023
887 888 1245658423
887 889 1242065401
887 21 1245356793
887 152 1243341600
887 886 1241685939
887 890 1234277972
887 891 1245757795
892 893 1231025179
892 894 1231112106
893 895 1231177364
896 897 1240952897
898 899 1244126512
898 900 1234899113
898 901 1236373804
898 74 1235330295
898 123 1233875933
898 124 1234978664
898 602 1238373047
898 902 1241982105
898 903 1250548337
898 135 1237313101
898 904 1240347838
898 126 1236982591
898 127 1240506003
898 612 1240440212
898 905 1237497251
898 645 1246397579
898 139 1233770475
898 906 1232663330
898 907 1249866472
898 908 1251247242
909 910 1238515965
909 632 1239151138
910 911 1250085741
910 408 1239838949
910 353 1241461877
910 912 1245080433
910 909 1238510852
910 913 1243013404
632 914 1231201684
632 548 1236972419
632 915 1250704223
632 631 1242661601
632 348 1245444535
916 917 1230758534
916 918 1238163468
917 919 1233665304
917 916 1230753139
918 916 1238163622
920 921 1231986841
921 922 1231352025
921 923 1233124119
921 924 1231173610
921 925 1242756542
921 920 1231986209
926 927 1245331621
926 928 1245188517
926 929 1240141451
926 930 1236944102
926 931 1238995214
926 932 1243300740
926 933 1243332112
926 934 1241321353
926 935 1241055994
926 936 1245913615
930 926 1243293655
931 933 1248430674
933 928 1245033372
933 935 1242300483
934 937 1231891059
934 938 1232609298
936 926 1243320057
939 940 1240853284
940 939 1237837270
941 942 1245096488
941 943 1244143384
941 377 1243006352
941 944 1240688970
941 380 1243393171
941 945 1240228241
941 946 1232900805
941 947 1231804304
941 948 1235276698
941 949 1231862075
941 950 1235360771
941 951 1235058343
941 952 1242950319
941 953 1231889390
941 954 1231910132
941 955 1235684016
377 370 1231524332
377 923 1246673504
377 379 1230258565
377 320 1233837439
377 946 1230760485
377 381 1238462890
377 947 1232221444
377 949 1231356093
377 951 1238343955
377 956 1235018714
377 953 1238251279
957 126 1238601485
958 959 1231431291
958 960 1241693198
958 961 1231949988
960 958 1241683909
960 961 1231949488
961 958 1231951193
961 960 1231759649
962 963 1230348528
963 962 1230476242
208 201 1238183070
201 208 1240853588
964 803 1235068240
803 421 1244066185
965 966 1244850540
965 967 1241213126
967 965 1232115178
84 104 1234880657
104 84 1236096733
104 527 1240859307
968 969 1232076636
968 915 1240980528
968 970 1234195510
968 971 1231296366
968 972 1234188739
968 335 1235635392
968 973 1234476116
970 968 1234199698
970 828 1234825717
970 732 1239301645
971 974 1237759047
971 975 1232302445
971 976 1232921687
971 977 1232124127
971 978 1235927939
971 979 1231088011
971 606 1235598810
971 980 1240834934
971 269 1238342123
972 981 1239630971
972 982 1250087351
972 983 1243004592
972 984 1242384479
972 195 1246294964
335 978 1240157133
335 46 1236746680
985 986 1246709779
987 988 1248442896
988 77 1236619532
988 987 1237831920
414 236 1238606675
414 987 1240836706
414 486 1234748677
414 463 1239371123
989 530 1241795117
990 991 1239511216
991 549 1236960471
991 992 1243540548
991 990 1239510800
993 994 1248913958
994 993 1248901029
995 280 1237080768
995 595 1245261471
995 993 1234405266
995 706 1238092530
995 996 1245764733
995 539 1234638532
997 998 1232200287
997 993 1233263358
20 999 1238899457
20 357 1234074546
20 1000 1234284830
999 1001 1235768220
999 1002 1248711356
999 20 1238906347
999 1003 1238004812
999 1004 1238246226
999 1005 1236826794
999 246 1235581697
357 20 1233362711
357 243 1245945451
357 304 1238779915
357 223 1245859893
1000 1006 1232691086
1000 255 1231817653
1000 1007 1233686562
1000 235 1242512285
1000 409 1237080150
1000 357 1243713892
1000 263 1232769133
1000 20 1234547674
1000 243 1232690576
1000 1008 1233641277
1000 246 1231791437
1000 1009 1233764129
1007 20 1232571508
1007 1010 1238338626
1007 261 1235522765
1007 487 1232228935
1011 1012 1247452414
1011 1013 1251683057
1011 357 1232999775
1011 20 1232992307
1011 797 1238763838
1011 766 1238728723
901 898 1236374005
1014 36 1233863545
1014 1015 1231347947
36 1014 1233863853
36 1016 1242678468
1015 1014 1231313650
1017 408 1236810233
1017 633 1240144944
1017 235 1244065541
1017 16 1244768829
1017 1018 1235143445
1017 1014 1239737176
1017 1019 1231422700
1017 709 1236810553
1017 419 1231342565
1017 563 1237175181
1017 620 1239918790
1020 1014 1243401831
1021 31 1233169584
1021 755 1232456767
1021 709 1240163426
31 407 1235012057
31 445 1236357495
31 172 1235184796
31 30 1235141837
31 903 1243609548
31 1022 1235224852
31 733 1234471148
755 131 1242995826
755 33 1243244477
755 323 1243042319
755 698 1233370513
755 972 1243023643
755 637 1242608753
755 463 1243268540
755 1023 1243835678
1024 1025 1234228160
1025 1024 1242083249
1025 872 1240332293
855 1026 1237934006
855 600 1245079116
855 311 1235682220
855 1027 1246446120
855 1024 1249904552
855 872 1249498239
855 1028 1241732329
1029 1030 1238097354
1029 1031 1248276303
1030 1032 1238171639
1030 803 1236187491
1030 421 1236725824
1030 1029 1236962918
1030 1033 1238329449
1031 1029 1233605841
1034 1035 1236502326
843 827 1244983628
843 716 1240789134
827 843 1244990870
438 1036 1231524093
438 437 1243081290
438 1037 1249581377
1036 438 1231433599
1036 1038 1242313505
1037 438 1250690654
1039 1040 1231316329
1040 1039 1250718187
1041 1003 1249483948
1003 999 1238007507
1003 333 1232740588
1003 1041 1249485097
1001 775 1239799729
1001 234 1232823354
1001 359 1230929140
1001 999 1235598659
1001 1042 1230926279
1001 1002 1249128056
1001 1003 1231188588
1001 453 1238097095
1001 400 1237409225
1001 1041 1238437435
1043 1044 1231476469
1044 239 1240499563
1044 1045 1241110628
1046 1047 1244089106
1047 1048 1243791091
1047 1049 1244218988
456 448 1236688833
1050 1051 1232321748
1052 188 1240501642
1052 534 1240004035
1052 1053 1235606478
1054 1055 1229594542
1054 1053 1238002511
1056 1057 1250051023
1058 1059 1232720734
1058 1060 1242737300
1058 525 1249913127
1058 1061 1232036037
1062 902 1245610940
902 1062 1243531323
902 898 1241994109
902 1063 1244599370
638 1064 1245160724
638 556 1247237504
1064 638 1237225137
1064 70 1249375925
1065 1066 1246143298
1065 638 1234282800
1065 1067 1232770376
1065 1068 1234363597
1065 563 1235074269
1065 1069 1233793304
1070 1071 1237471247
1072 1073 1229978029
1074 1075 1236747558
536 429 1232029337
536 1076 1236105173
536 531 1231850539
429 536 1235165972
1076 1077 1235689086
1076 536 1234917094
1078 709 1231729255
1078 536 1234828667
1078 799 1242138727
1079 536 1234479713
1080 1081 1243974346
1082 1081 1231638415
1082 263 1233014513
1083 1084 1238600293
1084 408 1237243366
1084 1085 1235392518
67 1086 1235849795
67 1087 1238068802
67 1088 1247073968
67 65 1237365197
1086 1087 1238141800
1086 21 1238441669
1086 67 1236100292
1087 1086 1241072729
1087 21 1244991717
1087 67 1243345230
34 1089 1245062319
34 1090 1236368741
34 1091 1234203692
34 972 1234902699
34 1092 1248446812
34 67 1251052720
34 623 1237720614
34 1093 1248800008
1094 1095 1241168647
1096 1097 1231386361
1096 1098 1244823446
1096 1099 1231270692
1096 1100 1238008880
1096 415 1240068053
1096 706 1234657096
1096 134 1234546488
1096 1101 1237859872
1096 1102 1234367818
1096 1103 1231540205
1096 1104 1235337461
1097 1105 1245945158
1097 1099 1229811581
1097 1096 1239738364
1097 1103 1237576837
1097 1106 1239027765
1098 1103 1241618653
1099 1097 1229809351
1099 1096 1250262552
1099 1103 1231451681
1100 840 1234396940
1100 1096 1238010490
1100 1107 1236800118
1100 108 1247172855
415 1099 1246309861
415 1103 1238960898
134 123 1234544721
134 135 1233070935
134 136 1234199179
1101 1098 1245375678
1101 1108 1237311682
1101 1109 1251237742
1101 1103 1242853139
1101 1110 1238076507
1103 1097 1237576986
1103 1111 1240584759
1103 1098 1241618482
1103 1099 1235593988
1103 1096 1241021730
1103 415 1237398795
1103 1106 1236713169
1112 1113 1248576202
1112 1114 1249264364
1115 1116 1239208804
1115 651 1232129395
1115 1117 1231946504
1115 1026 1247772377
1115 162 1238015078
1115 833 1231997276
1115 1118 1231888123
1115 1119 1232490578
1115 1120 1246567541
1115 122 1235092234
1115 1121 1241182065
1115 676 1233837789
1115 123 1231813407
1115 1122 1231874409
1115 1049 1234468894
1115 1123 1240494120
1115 1124 1247247758
1115 686 1241397357
1115 584 1234387449
1115 1114 1243287698
1115 1125 1243376038
1115 160 1235941653
1115 595 1236221654
1115 1126 1234283620
1115 1127 1244590824
1115 1128 1233284290
1115 902 1231999595
1115 133 1232631658
1115 1129 1232460650
1115 1130 1237149931
1115 135 1232553428
1115 860 1246709388
1115 127 1234806000
1115 528 1232078279
1115 1131 1238840307
1115 1132 1237470808
1115 25 1243472992
1115 1107 1235705881
1115 720 1232129702
1115 139 1248624325
1115 890 1232036308
1115 1133 1233626872
1115 1134 1246882689
1115 1135 1232090394
1115 906 1235707715
1115 437 1237148389
1115 869 1234394293
1115 1136 1232677262
1115 1137 1235708198
1115 1138 1232472538
1115 1139 1240429957
1115 1140 1238084039
1115 872 1232114370
1115 129 1232078622
1115 1141 1247097793
1115 908 1249526779
1142 1143 1246842332
1143 1142 1246778719
1143 1144 1248891759
1145 1146 1249525757
1145 678 1247705905
1145 293 1242821442
1145 296 1233568530
1145 1147 1242794901
1145 1148 1232048280
1145 1149 1242922744
1145 934 1238529130
1150 1151 1241125573
1151 1152 1231786721
1153 1154 1234575622
1154 1155 1236199789
1154 1156 1250156329
1154 1153 1234576813
1157 388 1240850807
1158 998 1245936558
1158 1159 1245683266
998 1158 1231864648
998 997 1231347083
1159 1158 1231105543
1160 1161 1239922297
1161 1160 1239900838
1162 1163 1248696295
1118 135 1243354133
135 775 1234465147
135 900 1234623270
135 1118 1235673484
135 1164 1235139021
135 1120 1240590848
135 123 1233954371
135 1049 1232414163
135 898 1233779184
135 133 1237300838
135 1165 1233293301
135 134 1233071649
135 136 1233077328
135 127 1245148710
135 128 1233144479
135 1136 1233692632
135 1166 1234450699
135 1138 1239897551
135 129 1236787803
135 137 1234493314
1167 1168 1233340114
1167 1118 1240596488
1167 123 1231693623
1167 125 1243434400
1167 1130 1235165894
1167 126 1233456741
1169 914 1234276922
914 680 1234269421
914 632 1231250917
356 1170 1240480252
356 357 1238518628
356 304 1233706087
356 223 1238475060
1170 356 1240503492
631 1171 1238430609
631 15 1231254572
631 1172 1233333955
631 596 1230840024
631 1173 1234644937
631 1174 1236432863
1171 631 1238430292
15 1175 1233525089
15 631 1231254818
1172 596 1244690473
1172 631 1240792990
1172 334 1242073688
596 1176 1230844288
596 1177 1237105432
596 1172 1234493387
596 330 1236229199
596 631 1230839715
1173 631 1232151553
1174 15 1236989773
1174 603 1236370610
1174 828 1236353629
1178 1179 1231860191
1178 1180 1244550657
1178 1181 1242324432
1182 1183 1243536704
1184 1183 1244121442
1185 1186 1245426575
1186 1185 1248272653
1187 1188 1230929041
1188 1187 1230927604
334 1189 1236274731
334 1172 1242074365
334 1190 1239280037
334 42 1243917241
334 1191 1239814540
1189 334 1236273968
1190 1192 1241535884
1190 363 1234874346
1190 60 1231943474
1190 334 1238240579
42 284 1235841371
42 1087 1244455896
42 334 1243917746
1191 334 1239562011
1191 8 1240630466
1191 627 1233102154
1193 812 1231375979
812 1193 1231376510
812 811 1237570646
1176 804 1230307166
1176 1194 1235827501
1176 596 1230844471
804 723 1231471824
1195 1176 1229936834
1196 1176 1231016997
1196 486 1232595694
1197 1176 1231564128
1198 565 1232392274
1198 567 1232392723
1198 359 1232043110
1198 1176 1230829677
1198 1042 1230852678
1198 360 1232199335
1198 828 1234680942
1198 988 1232477485
1198 259 1232058550
1199 1200 1238772677
1201 1202 1241162278
1201 1203 1241846688
1204 1205 1235908637
1205 1204 1231321450
1206 1207 1231998677
1208 1209 1240603198
1210 626 1233956015
626 51 1236609070
626 569 1232746856
626 1048 1236521143
626 755 1234158857
1211 1212 1238116892
1211 236 1239051250
1211 221 1233944427
1211 124 1234456367
1211 412 1236369137
1211 708 1237916023
1211 563 1234292068
1211 564 1234223699
1211 626 1236965734
1213 1214 1236628998
1214 1213 1237300613
1214 1022 1235831491
1215 1216 1235602804
1217 1218 1237302483
1219 1220 1231941528
1219 1221 1236318817
1219 1222 1233073655
1219 1223 1246706611
1220 1221 1234644165
1220 1222 1231997500
1220 1223 1246368380
1220 1219 1231909754
1221 1220 1233477643
1221 1222 1245147539
1221 1219 1236093969
1222 1220 1231994345
1222 1221 1245146752
1222 1219 1233494665
1224 23 1248333693
1224 1225 1240163916
23 1224 1248333383
23 333 1232033175
1225 1224 1240156962
1226 851 1248313920
1227 1228 1233879883
1228 1227 1233881363
1228 1229 1244723457
1230 1231 1238209198
1231 1230 1238213960
1232 133 1234318577
133 131 1232054740
133 451 1232503988
133 123 1232221337
133 135 1237301020
1233 895 1231042734
1233 988 1238899914
895 1234 1231291207
895 1235 1231301223
562 359 1231727685
562 1042 1230870957
562 983 1230959600
562 1236 1240191077
562 1237 1230858147
562 1016 1230872356
562 243 1231129659
562 979 1236353156
562 905 1232686306
359 236 1231731024
359 562 1231727410
359 411 1231290915
359 1198 1232043242
359 307 1232308244
1042 1198 1230855176
983 1238 1242737866
983 1239 1232481561
983 688 1245850665
983 972 1243006777
1237 1240 1231349981
1237 562 1230829694
1237 37 1231275919
1016 1042 1230871951
1016 18 1239470508
1016 36 1242678612
1016 562 1231211345
1016 634 1231473688
1016 1241 1231219024
1016 1242 1239620143
243 1006 1232691020
243 234 1246540463
243 321 1231529844
243 408 1235009488
243 1243 1231891788
243 562 1231482612
243 698 1231209122
243 263 1238303001
243 1244 1231854443
243 1245 1232603878
243 226 1233184278
243 1000 1232690959
243 229 1234529560
979 562 1236353626
979 975 1231001500
979 1246 1234286542
979 971 1231087687
905 408 1240106209
905 32 1237774029
905 72 1239206400
905 562 1232685597
905 1247 1245868650
905 906 1243691516
1248 642 1236202709
1248 1249 1234466774
642 1250 1237687368
642 1251 1235501930
642 1252 1235493567
1249 787 1244124989
1249 1017 1250174435
1249 1248 1234538386
517 66 1244029924
1028 1253 1242574720
1028 1254 1245779560
1028 698 1232412695
1028 1045 1241044994
1028 709 1236314255
1028 1255 1233949442
1028 1256 1242223160
1028 1257 1241106260
1028 332 1242572745
1028 715 1248887994
1028 1258 1235051969
1253 646 1233007891
1254 1259 1239978034
1045 263 1244221812
1255 1260 1231346395
1256 340 1237436888
332 335 1247505057
332 1242 1240752001
1261 1262 1251212742
1263 1264 1250090661
1263 1265 1244971084
1266 233 1232631021
1266 1267 1250239098
233 1006 1232990973
233 806 1231244698
233 249 1231274605
233 354 1231292269
233 263 1230682464
233 1268 1230664538
233 412 1231251856
1267 549 1236960729
1267 38 1246027130
1267 1140 1247252929
1269 1270 1246964052
1270 1269 1239282610
832 833 1229715821
833 832 1229716014
836 973 1239840801
839 1271 1243613048
839 257 1247432451
839 846 1239106417
839 535 1245783896
839 848 1237390564
839 1272 1240111640
840 1273 1245543179
840 108 1234415327
845 1274 1241056089
846 838 1239885938
846 839 1239110727
846 848 1234299833
848 1271 1242312301
848 839 1237321977
848 846 1235883220
850 522 1247012626
850 727 1236697218
1275 1276 1237669192
237 248 1231880179
237 265 1233173507
237 1244 1249730422
237 226 1235222795
237 230 1235759781
237 216 1235307662
271 230 1239620254
273 219 1236939264
273 245 1231513168
273 270 1240996696
273 230 1231757217
52 1277 1233242660
52 363 1234894728
52 1278 1234065246
52 457 1233264199
52 1091 1238707370
52 41 1232639688
52 330 1238381087
52 1279 1233310000
52 1129 1232619913
52 22 1232903619
52 50 1232727952
52 1251 1232914086
363 603 1235567768
1278 572 1233233025
1278 591 1231987256
1278 41 1230829660
1278 328 1239513267
1278 239 1238604105
1278 330 1232596988
1278 413 1231648827
1278 903 1231174478
1278 906 1239925540
457 1113 1246026904
457 52 1233266357
457 448 1234144109
1091 1090 1235405490
1091 34 1233539943
1091 461 1233984872
41 1280 1231351335
41 284 1233280040
41 18 1231188744
41 35 1230898582
41 30 1234531982
41 1245 1232225978
1279 52 1233313790
1129 52 1234231470
1251 1281 1231515603
1251 52 1233077723
1251 642 1235499601
1282 1283 1246286568
1283 1282 1246286735
1284 365 1232021255
1284 1285 1247209138
365 1284 1232092938
365 981 1232448589
365 1177 1240034457
365 1286 1237730811
365 972 1235077385
365 1287 1232465512
365 317 1240917191
400 1288 1238274080
400 421 1237674259
400 262 1236979043
1288 400 1238272327
1288 1289 1245849270
421 1030 1236292594
421 368 1246125451
421 236 1236614071
421 410 1240613277
421 43 1232829124
421 417 1246048360
421 1290 1239750245
421 803 1244078993
421 400 1237421158
421 424 1240737598
421 425 1247588112
421 486 1233690144
421 426 1248805179
262 268 1236902349
262 698 1238378083
262 238 1233024581
262 224 1235517898
262 226 1235582088
262 400 1236978442
262 232 1232231061
1291 1018 1239902800
1292 1293 1248514797
1292 1294 1243239592
1295 1088 1237452028
888 1088 1248847471
1296 1297 1239954148
1297 1296 1239950028
1298 1299 1236388544
1298 1300 1235072402
1298 1301 1232299437
1299 1298 1236369772
1299 1302 1235531858
1299 1303 1233473164
1301 1298 1232299766
347 1304 1247272629
347 1131 1250420511
1304 347 1244227715
1131 1305 1233170826
1131 793 1238958312
1131 8 1239552696
1131 1141 1250768103
1306 1307 1241451479
1306 599 1234699158
1306 615 1240215265
1308 1087 1244452945
1308 1309 1232180365
1308 1307 1243276020
1308 1310 1231885291
1308 21 1246571153
44 1311 1244201539
44 1312 1237918085
44 336 1243874054
1311 44 1244503960
1312 1313 1250616046
336 484 1246403047
336 1314 1245680988
1315 601 1239310418
601 323 1233269632
601 1315 1239310162
601 1316 1231605852
601 1317 1239064651
1318 651 1232135214
1318 1315 1232335037
1318 1319 1232112665
1318 978 1232230546
1318 1320 1231180790
1321 1315 1247096315
1321 1322 1248295979
16 1323 1245712998
16 284 1231904810
16 1324 1242178451
16 18 1230588682
16 1049 1233077414
16 755 1230520716
16 1305 1233150749
16 331 1230998701
16 1325 1233116701
16 1257 1247619090
1326 440 1238683753
1326 1257 1241886436
1327 1257 1244728441
79 1328 1248760741
79 70 1237832455
1329 70 1248812049
1330 1331 1234833185
1330 1125 1231674913
1330 79 1246514570
1330 779 1240928714
1330 70 1239183715
1330 1332 1250008467
1310 1333 1234694254
1310 1308 1231970362
1333 21 1248704700
1333 153 1249121116
1334 1335 1230392513
1334 1310 1231434792
1336 1337 1231429653
1338 1322 1239380779
1338 190 1246382838
1322 1052 1236287234
1322 1339 1236799253
1322 1338 1237556388
1340 1341 1231160462
1340 1342 1231270843
1340 1343 1242393404
1340 1344 1233058300
1340 1345 1251363323
1343 1346 1234381891
1343 1347 1236172443
1345 1340 1243958289
1348 1349 1233155752
1349 60 1243541390
1349 1348 1239649366
1350 1351 1235666503
1352 1351 1234476830
1339 1353 1240344864
1339 794 1232375780
1339 1354 1233059909
1339 1322 1236801332
1339 1355 1233687738
1353 1339 1240343335
794 1356 1233543364
794 572 1233238347
794 60 1233803812
794 1339 1232375663
794 329 1232687691
794 344 1232461608
794 709 1232333285
794 333 1233854400
1357 1358 1247511634
1357 1359 1236021710
1357 1360 1250798956
1357 1361 1246298298
1357 677 1248702453
1357 1362 1251753112
1357 1363 1237396033
1357 1364 1243526227
1357 1365 1248392661
1357 1366 1240000294
1357 740 1245778617
1365 654 1238377270
1365 1367 1244594721
1368 800 1235094490
1368 1302 1242578210
1368 752 1240283591
1368 1369 1237699403
800 1370 1236189962
800 7 1237560928
800 1368 1235091627
1302 1371 1238557334
1302 1299 1235532568
752 1369 1234375286
752 606 1231117105
752 1368 1236901777
1369 752 1231267493
1369 445 1236191351
1369 1368 1237693223
1372 1373 1231642868
1372 771 1236353024
1373 1372 1233552332
771 650 1234202662
771 1374 1237342925
1375 1376 1240267725
1377 279 1246364274
1377 1378 1246647294
1377 1379 1240400603
1377 1380 1244475233
1377 1381 1240746150
1377 1382 1246745455
1377 144 1246563088
1380 1383 1231388328
1380 412 1242919330
1380 270 1233933565
1381 1384 1232921965
1032 1030 1246025786
1032 1385 1237920043
1385 1032 1237919290
1386 1387 1231445260
1387 1388 1231794248
1387 1386 1231772602
1387 239 1231468417
1389 1390 1242268952
1390 1389 1242321465
1391 352 1249404765
1392 1393 1239301813
1394 1393 1241635141
119 118 1244558468
120 118 1244207779
120 793 1234381688
1395 566 1243577552
566 1395 1241061219
1396 1397 1232546863
1397 152 1239859681
1398 31 1231977073
1398 564 1234563555
564 359 1232415715
564 1399 1238424241
1156 1154 1250119147
1156 1400 1250072988
1156 1401 1237073832
1402 1403 1235936839
1402 342 1231552102
1402 1400 1239130147
1402 1404 1231203415
1405 1406 1232917474
1405 1312 1232630994
1405 1407 1244906912
1406 1408 1249217427
1407 1405 1239626262
1409 1116 1238075552
1410 1411 1243111889
1411 1410 1243111802
244 659 1246026235
923 921 1231660460
923 1412 1238167722
923 1413 1231761545
1414 132 1232294677
1414 1137 1244657328
132 1414 1245198208
1415 162 1238506609
1415 1416 1238520164
1415 1049 1234270818
1415 1414 1234558348
1415 127 1242930977
1415 128 1234210847
1415 1138 1235570815
1415 129 1236014442
1417 1418 1232472349
1417 328 1238084319
1418 1417 1232471953
1418 1419 1245248695
162 161 1242852434
162 1122 1237576005
162 135 1233060064
162 1133 1249578751
162 1138 1249663992
1420 1421 1231039275
1420 1422 1232978446
1420 1122 1231277375
1420 595 1232258973
1420 1234 1231285800
1423 1119 1232470553
1423 1122 1232386864
1423 133 1231946770
1423 1165 1232739185
1423 135 1233228070
1423 128 1232044307
598 564 1239629733
598 991 1232938937
598 1424 1244632921
340 1425 1237842729
340 1426 1231360173
340 1124 1237408027
340 1256 1236953846
1427 903 1235062872
1427 195 1232373984
903 31 1236393755
903 408 1235784278
903 898 1250552132
903 1427 1235085594
195 1090 1239759156
195 190 1239641043
195 1427 1232484758
195 972 1246302687
195 973 1240871175
195 1038 1239903087
1428 591 1231312444
1428 1429 1231279543
1428 1241 1231231688
1430 1431 1236190751
1430 1432 1236348930
1432 1430 1236184484
1433 1404 1237318764
1404 320 1232627680
1404 1401 1236438665
1404 1433 1237389197
1434 1433 1244635792
1435 755 1234268143
1435 1433 1238161132
798 709 1246216397
798 799 1243442566
1436 996 1243379906
996 944 1233506211
996 381 1233091350
996 1437 1236180925
996 1436 1246819819
151 889 1235210711
151 152 1241111865
151 1293 1247592349
151 890 1248968899
151 150 1242035904
152 889 1231577738
152 1397 1247821280
152 150 1233336207
154 150 1231772794
156 150 1235554168
157 150 1237811911
158 150 1231927814
1438 500 1232634149
1438 1439 1236078460
1438 1440 1246221727
1438 1441 1233661238
1442 1176 1231693846
1442 329 1231679193
1442 22 1231679203
270 1380 1233940225
270 20 1238854950
270 261 1233077979
270 1000 1241134835
270 229 1237372855
270 247 1238331827
270 1443 1233058102
261 1007 1235519604
261 225 1231450525
261 270 1233077908
261 258 1233111560
261 1444 1251410715
261 250 1232202159
261 266 1231968267
247 260 1243876390
247 218 1231953743
247 1445 1242648328
247 224 1235390948
247 270 1238331803
247 1444 1235170004
1443 1446 1238973009
1443 1244 1233404773
1443 224 1235733224
1443 258 1233104643
1243 1006 1234905452
1243 234 1232979242
1243 268 1231250621
1243 243 1231892034
1243 270 1238764202
1383 1380 1246413391
1383 412 1247489063
1383 270 1249331315
1445 270 1232462232
1445 1444 1234974704
1445 247 1241608539
1447 609 1246539416
1447 418 1231032391
1447 270 1238850226
1447 258 1232665012
1448 413 1232037056
1448 270 1232643964
1449 1450 1239799381
1449 1451 1244656733
1450 1452 1234877089
1450 1453 1245161075
1450 1449 1239801191
1450 1454 1235468619
1451 2 1244547024
1451 1449 1245225430
1426 340 1235753548
1426 1124 1239723823
1124 340 1236654316
1121 1416 1236183901
1121 1128 1242078370
1416 123 1235764891
1416 1128 1237494611
1416 137 1236101800
1128 1416 1237495921
1128 1121 1246664149
1455 1456 1233807226
1457 912 1247259600
912 1458 1242416785
1459 1460 1235491493
1461 1431 1236371482
1462 1463 1230721426
1462 545 1245097977
1462 796 1245406284
1464 1463 1231776692
1403 943 1237338448
1403 1465 1245348689
1403 1466 1234937752
1403 1404 1230483231
1403 1467 1240922439
1403 996 1234831422
1403 951 1236268676
1403 181 1231608459
1403 1468 1236764060
1403 1469 1239730809
1403 1437 1235664333
1403 954 1235666155
943 945 1250434112
1465 1403 1232557426
1465 1470 1246382736
1465 376 1245972592
1465 684 1249096810
1465 1471 1230770942
1465 1472 1237263931
1465 1467 1238905734
1465 921 1230946175
1465 947 1232253465
1465 950 1235491454
1465 181 1237704926
1465 1473 1250664997
1467 951 1243547983
951 1467 1237861797
181 1403 1234407816
181 1474 1234666851
181 179 1243365433
181 1465 1237704447
181 1471 1233455096
181 923 1234398460
181 694 1240103532
181 1466 1234743293
181 1475 1234152951
181 1404 1232660956
181 921 1242847882
181 996 1234740359
181 1476 1248327970
181 1477 1246257464
181 1478 1238873413
181 1437 1234442739
181 1479 1235269371
181 848 1236978079
181 1401 1234026634
181 955 1236668073
1468 1403 1236779208
1437 180 1233309979
1437 1404 1244641863
1437 996 1236186923
1437 1478 1244473863
1437 1480 1241124493
772 1421 1236468086
772 653 1237336454
772 1286 1236045466
772 346 1242319689
772 610 1240877436
772 1481 1237466635
772 1482 1231800939
860 1483 1238497342
860 1484 1238481207
860 1485 1238957357
860 1486 1245824751
860 1487 1247580510
860 1488 1246477489
860 1489 1242120710
860 1490 1238992248
860 1491 1251540795
860 1492 1240987169
860 1493 1250444328
793 1494 1245324090
793 1495 1234640947
793 706 1245108114
793 1496 1239457882
793 1131 1249343066
793 120 1234381340
793 1497 1241996779
793 1141 1247085927
861 1498 1234631336
861 699 1231111720
861 1499 1234362664
863 853 1235596176
866 1500 1246499706
870 1501 1241828730
872 855 1249498547
872 1025 1235421356
1502 408 1243459239
1502 1503 1249225746
408 1302 1240010424
408 235 1242515609
408 236 1237391835
408 910 1240012708
408 256 1234234448
408 791 1234565088
408 413 1234066292
408 903 1235783878
408 1502 1243458952
408 307 1239648730
408 984 1235006475
408 1084 1237243091
1503 1502 1249225473
1504 1505 1245792389
1504 1506 1236963477
1504 1502 1242997823
1504 984 1236721773
1504 1507 1246884826
1504 1473 1246385979
1504 1508 1238084167
1509 802 1242734473
1509 1502 1242156636
615 1510 1236523148
1510 432 1244363837
1510 615 1233429366
1511 1512 1232085920
1511 615 1233835491
1513 1514 1248030054
1514 1515 1231262830
1514 1513 1248029194
345 292 1242097452
1516 1517 1244727553
1518 1519 1237407996
1519 1518 1237408916
1519 435 1234909952
1520 1521 1239366631
1520 727 1240220715
780 675 1231540255
780 1522 1232467091
780 1523 1231061778
780 1524 1233459571
1523 1524 1231544808
1524 780 1231910751
1524 1523 1239763084
955 947 1235781718
947 955 1235775665
1525 1466 1236055382
1525 1260 1237389983
1525 955 1246343955
138 1098 1248696087
138 1526 1231947082
1526 138 1250099446
1252 1527 1237471652
1252 43 1232418881
1252 642 1235488275
1252 620 1238252621
1527 1528 1230692714
1527 1370 1233754027
1527 1529 1230266032
1527 60 1230690450
1527 603 1246878405
1527 1252 1237471264
43 15 1236380497
43 421 1232857024
43 27 1232601403
43 1252 1232414095
620 583 1238090967
620 483 1237297642
620 360 1236114259
620 1530 1231524520
620 828 1234546773
620 632 1244553144
620 1252 1238251756
1531 1247 1236377666
1247 1532 1241788432
1247 1531 1236602458
1533 1534 1233699646
1534 1533 1238957072
1495 1535 1247951019
1495 706 1245163290
1495 793 1234966752
1495 716 1237342424
1496 124 1239799172
1496 793 1239585580
1496 138 1240267007
1497 793 1241656612
1497 1131 1249997402
1141 793 1236213622
1141 1131 1250347710
1536 415 1238961032
1536 793 1244420942
1537 1538 1240530177
1537 1539 1247203034
1356 794 1233543653
1356 1540 1233199370
1541 1446 1249990907
1446 1542 1237980447
1446 236 1239629839
1446 1543 1247880407
1446 1544 1235786308
1446 1541 1249993702
1446 1443 1239062800
1545 1546 1238428288
1010 1007 1236652529
1010 1547 1233027392
1547 1010 1233014535
1548 288 1235210066
1548 1549 1237558926
1550 945 1244748919
945 943 1247189812
1346 1551 1240332357
1346 1343 1229957075
1346 1347 1242133088
1551 1250 1237314340
1347 1346 1242132561
1552 1553 1233929883
1552 1554 1230785771
1013 1555 1244656649
1013 1266 1250498913
1013 1267 1250195944
1555 1013 1244656424
1556 1557 1231764550
18 1558 1244859816
18 123 1249765472
18 334 1240671656
35 363 1234961416
35 1559 1231422912
35 18 1230622002
35 591 1230491808
35 41 1230760707
35 1313 1240068516
35 30 1234527966
35 621 1241906191
35 1242 1241358477
1245 342 1231383029
1245 41 1232224935
1245 1560 1239246378
1245 243 1232601293
1245 1130 1235013097
1245 1141 1249196149
350 323 1238176108
350 18 1237085420
350 430 1236873854
350 755 1234184911
350 41 1232761137
350 333 1237221699
1561 41 1230725957
1562 1563 1244551265
1562 1564 1241650630
1563 1565 1240661054
1563 1564 1248372622
1564 1562 1239829793
1564 285 1245954568
1564 679 1232743232
1564 1566 1239640027
633 1567 1248349055
633 791 1232088377
791 408 1235010046
791 573 1239512431
791 633 1232062804
791 330 1232146010
1568 633 1233579629
635 633 1240438006
635 330 1247945231
333 408 1238797949
333 570 1233000101
333 633 1237123948
333 1305 1233419829
333 445 1233446993
333 1003 1232740429
333 23 1232033125
333 68 1232569865
1569 633 1239063325
1570 1571 1246566267
1570 1572 1246140498
1573 32 1240798209
1573 1574 1232140838
1573 1575 1242987280
1573 1576 1239703337
32 636 1240571635
32 905 1237773781
1574 1314 1231875920
1574 1573 1250254096
1165 1577 1232068863
1165 123 1233100474
1165 135 1233293085
1577 1165 1231879211
1578 1127 1235711305
1578 1165 1234061232
1579 285 1235423952
1579 1165 1232739339
1579 1482 1241266849
1580 1581 1234381427
1582 1583 1240939971
1582 1584 1242445679
1583 1582 1240932687
1583 409 1243633447
1583 419 1232482816
1584 1582 1242445941
1585 1586 1249842352
1586 1412 1248632710
1586 1585 1249845119
1048 1117 1235196334
1048 1049 1243873191
1048 1123 1245641684
1048 944 1238879843
1048 1587 1250012738
1048 206 1232988600
1048 1588 1241520968
1048 1589 1235284164
1048 1047 1230769411
1048 626 1236521076
1048 129 1235241998
1117 451 1231480339
1117 1127 1234576034
1117 1136 1239416834
1049 131 1234287814
1049 1048 1239372345
1049 1414 1232119224
1049 1047 1244219495
1049 453 1235480342
1049 135 1232414082
944 1048 1238880231
944 1305 1233243497
944 382 1245706414
944 996 1233505322
944 1478 1239631814
1589 284 1235507397
1589 1048 1235284714
1589 549 1236710570
1012 260 1246996334
260 1012 1246996433
260 253 1234282420
260 875 1244574260
260 412 1233761887
260 1045 1244162354
260 247 1243876087
260 1443 1233946125
1590 1012 1230750386
1590 409 1241118731
1591 1276 1237410615
1591 1012 1247420522
1591 1275 1243298896
1591 1592 1250909917
1591 1593 1249599133
1591 1594 1242502435
1591 1572 1231472112
1591 48 1234483533
1591 336 1244373823
1591 1595 1246998035
1419 1596 1232094902
1419 1418 1238311284
320 280 1232166093
320 1404 1232629655
1597 280 1238099501
1598 280 1233879016
1599 253 1230759215
1599 263 1230612926
1599 1268 1230621850
1599 1244 1230653054
253 260 1245261617
253 244 1248356142
263 234 1231616985
263 268 1235234537
263 354 1230609562
263 1045 1244159219
263 227 1231880666
1244 1599 1230653565
1244 243 1231854355
1244 1443 1233512444
1600 329 1232068322
1601 1319 1243381329
1601 1602 1245249543
1601 1600 1244120319
1601 556 1246981249
1603 572 1237235283
1603 365 1240925852
1603 1604 1244827157
1603 587 1235079546
1603 596 1241755036
1603 970 1236862636
1603 972 1246995618
1603 645 1240502595
1603 1600 1241222818
1603 1605 1241436854
1606 1607 1241799248
1607 1606 1232665451
1388 1387 1232377962
1608 1609 1248642743
1608 1610 1251364113
1609 1608 1248710400
1609 1611 1230874884
1612 1285 1244731157
1612 640 1250688272
1612 1613 1248721446
1612 360 1241194048
1612 642 1233678514
1612 552 1250886464
1612 645 1242428688
1612 1444 1236194893
1612 1249 1235417193
1612 1614 1242077487
1613 645 1247844629
828 360 1234396120
828 1174 1236355555
828 645 1244558050
828 620 1234547419
1615 645 1242155833
1616 1617 1248564812
1616 1618 1235422756
1616 1619 1237228223
1616 1620 1244379770
1616 1184 1234546964
1620 1621 1235614526
1622 815 1250156358
1622 1429 1244905124
1622 21 1248035448
815 813 1234735972
815 818 1235722571
21 1086 1238444147
21 1333 1248704048
21 432 1245516686
21 1622 1248036281
1623 1624 1234405445
1625 1626 1230910435
1626 1625 1230911624
341 292 1249116871
341 440 1233243263
1627 31 1234470246
1627 51 1233883573
1627 321 1232230983
1627 570 1232990216
1627 1434 1232741197
1627 1176 1233004836
1627 18 1232514959
1627 580 1234064756
1627 444 1231981970
1627 1196 1233173811
1627 594 1235172341
1627 522 1231770925
1627 331 1235248552
1627 1628 1231860835
1627 1629 1234046108
1627 344 1232453235
1627 440 1231771417
1627 1630 1235141840
1627 796 1233435280
1627 419 1232419217
1627 25 1232736862
1627 620 1235248784
1627 626 1233107321
1631 1408 1235361640
1631 1632 1243948031
1631 326 1236833000
1631 1633 1246425668
1281 326 1232691079
1281 968 1234440752
1281 1251 1231438748
1281 1406 1232404753
1634 1635 1237865612
1634 326 1247540316
1634 596 1237849746
1605 1314 1242748788
1605 1636 1246235523
1605 984 1239369275
1314 336 1239646864
1636 1605 1246235749
984 365 1237140677
984 1032 1243387823
984 1637 1243837565
984 304 1246366010
984 972 1241177181
984 1636 1234896470
984 1605 1238356315
984 1638 1238951456
786 1006 1230439101
786 248 1230334318
786 1639 1249087537
1147 1640 1231408332
1147 1641 1236543940
1640 1147 1231362920
1641 1147 1236543806
1641 505 1239393219
1642 1643 1235696157
1644 1645 1238772424
404 1646 1247572852
404 411 1244630214
404 412 1241441300
404 311 1250183513
404 1647 1242634101
404 1648 1247608029
411 404 1236310338
411 483 1247006959
411 876 1240937061
411 1649 1241744692
412 260 1240408376
412 1650 1236995946
412 1383 1247488761
412 268 1233931804
412 236 1237997680
412 1380 1242919644
412 533 1238670027
1651 404 1243474003
1652 404 1235629617
1653 404 1247135790
1653 1654 1235412585
1655 963 1224952033
1656 1657 1232441915
1656 1658 1231918528
1657 1656 1232917960
1658 1656 1235241358
604 1018 1237218995
779 1328 1233436169
779 674 1234913514
779 337 1243983276
779 1018 1231977719
779 1659 1231438920
779 216 1236017063
779 463 1246030530
364 1660 1236068535
364 1515 1239038906
364 399 1231421032
364 1661 1232533125
364 391 1231433557
364 1662 1239799224
364 890 1232060573
364 1663 1231603780
364 313 1232098564
1515 1514 1231450143
399 391 1235238283
890 1664 1245004469
890 887 1234278492
890 364 1232060984
1665 1666 1232994857
1666 1665 1232992841
1667 1668 1243211238
1668 1667 1243248323
338 1669 1231346680
1669 519 1239713783
1669 1175 1234982013
1669 338 1231346452
1669 1377 1245152251
911 910 1250085809
353 1113 1246851515
353 910 1241461192
353 299 1248500699
353 913 1250211852
913 8 1241825798
774 657 1232333865
1670 9 1235155231
1670 196 1239269781
196 190 1239379244
196 1490 1240406036
196 1670 1239375871
1543 483 1231374486
1543 425 1231541839
483 480 1233520074
483 1543 1231374418
483 620 1237297346
483 425 1238160636
483 486 1232595831
425 236 1236614004
425 1543 1231541760
425 421 1235940783
1671 1672 1245174925
1671 1673 1241619478
1671 1674 1232091788
1673 1671 1244736428
889 151 1235646546
889 1664 1245048569
889 152 1231770691
889 887 1242109096
889 67 1247209325
1664 1087 1237542566
1664 889 1234539484
1664 890 1244993929
1664 67 1236519310
535 529 1236274895
1412 1586 1248632587
1675 1676 1232870091
1675 796 1248318541
1675 1677 1247472743
1676 1675 1232869119
796 545 1248316939
796 1627 1233887427
796 1677 1248406494
1677 796 1242242346
1678 1679 1237330844
1679 553 1232161339
1679 1678 1232383206
1680 1681 1250690262
1680 1682 1231659794
1681 599 1236144930
1681 1680 1250690180
1683 1684 1235400559
1685 47 1246024673
47 621 1234389655
1686 1687 1242992313
1686 1688 1240492960
1687 1178 1233233276
1687 802 1235151985
1687 1654 1241804120
1687 1181 1242390781
1687 1686 1240323553
1688 1027 1239104056
1688 1686 1240491658
1654 1687 1242387223
1654 1686 1243372431
1181 1178 1233853225
1181 1687 1242390265
1181 1689 1233866651
1181 1027 1246904313
1181 1686 1246988136
1690 646 1231721498
646 1691 1232124729
646 1692 1231727895
646 419 1231712654
646 644 1231945536
1148 519 1231695073
1148 455 1249671298
1148 283 1239632364
1148 151 1249667238
1148 293 1239755666
1148 772 1233978919
1148 1693 1238610992
1148 1694 1232169112
1148 313 1234904529
1148 1145 1232052953
1148 1648 1250025751
1695 1696 1230322490
198 1697 1244045611
787 698 1246327843
787 1698 1232840118
1699 1700 1245420101
1701 1702 1236785626
785 329 1233595200
1305 944 1233243657
1305 333 1233420554
331 284 1230686323
331 16 1230997669
17 694 1234018239
19 450 1239647280
19 983 1239392898
24 453 1231537323
26 448 1233181792
1703 1704 1229799504
1703 1705 1232911815
1703 1706 1230552779
1703 1483 1238351631
1703 1707 1231768450
1703 1708 1232179553
1703 1709 1231791446
1703 1484 1243998321
1703 1710 1231356130
1703 1711 1231768426
1703 1487 1231336736
1703 1488 1245152721
1703 1712 1232008264
1703 1135 1233661247
1703 1713 1236976942
1703 1714 1245219122
1703 1490 1232064380
1703 1491 1245144223
1703 1493 1235500228
1704 1703 1229798735
1704 1707 1233660892
1704 1708 1236855462
1704 1715 1232695029
1704 1486 1231335618
1704 1487 1231669683
1704 1712 1231415426
1704 1135 1232010863
1704 1713 1234350954
1704 1714 1242211367
1704 1489 1236070008
1704 1490 1231962728
1705 1716 1239943115
1705 1703 1232913803
1705 1717 1248422708
1705 1718 1232269343
1706 1703 1230570561
1706 1704 1232008796
1706 1717 1243793957
1706 860 1238491923
1706 1708 1235036603
1706 1484 1233911844
1706 1715 1233937155
1706 1487 1231352019
1706 1135 1236693992
1706 1713 1237325930
1706 1490 1237869848
1483 1716 1246793334
1483 1703 1238351483
1483 860 1232469036
1483 1484 1243943956
1483 1715 1231404368
1483 1487 1231413747
1483 1488 1232698283
1483 1719 1236337119
1483 1135 1235564641
1707 1716 1242491746
1707 1703 1231267380
1707 1704 1233659826
1707 1717 1245343660
1707 1708 1231365086
1707 1709 1231538090
1707 1484 1243563869
1707 1715 1231507462
1707 1486 1246976792
1707 1487 1231417580
1707 1719 1233675477
1707 1490 1233341547
1707 1492 1244394677
1707 1493 1244395613
1708 1703 1232268140
1708 1704 1231363699
1708 1707 1231364763
1708 1709 1231800517
1708 1486 1232126947
1708 1135 1231943760
1708 1490 1233387649
1708 1492 1231963864
1709 1703 1241770288
1709 1707 1231538155
1709 1708 1232301136
1484 1703 1243998875
1484 1706 1242705164
1484 860 1239203302
1484 1485 1238162695
1484 1488 1237899775
1484 1490 1243151823
1484 1492 1238095441
1484 1493 1238765156
1710 1703 1231351350
1710 1486 1231513564
1711 1703 1231787798
1711 1719 1233899948
1711 1135 1236067032
1711 1490 1240904891
1487 1703 1231336381
1487 1704 1231670740
1487 1717 1241674695
1487 1706 1231351641
1487 1483 1231412436
1487 860 1247646294
1487 1707 1231347386
1487 1708 1232997630
1487 1715 1231340091
1487 1711 1233904636
1487 1486 1231507364
1487 1488 1231852670
1487 1719 1239797333
1487 1712 1231638171
1487 1135 1231420641
1487 1713 1232892781
1487 1714 1233222809
1487 1490 1232631445
1487 1491 1246696408
1487 1492 1232755340
1487 1493 1235332843
1488 1703 1245159406
1488 1704 1236286955
1488 1483 1231505303
1488 860 1236699686
1488 1708 1234903115
1488 1484 1232711680
1488 1715 1231782338
1488 1485 1233839392
1488 1487 1231855834
1488 1135 1235562310
1488 1490 1232643483
1488 1492 1234292275
1488 1493 1237495801
1712 1703 1232011400
1712 1704 1231415122
1712 1483 1237390958
1712 1715 1237388391
1712 1486 1231837135
1712 1487 1231669392
1712 1488 1249286575
1712 1719 1235722523
1712 1135 1233656986
1712 1713 1231925799
1712 1493 1238566618
1135 1703 1243188577
1135 1704 1231609062
1135 1483 1235566520
1135 1707 1233563630
1135 1484 1233674060
1135 1715 1233659585
1135 1711 1236068089
1135 1486 1231419341
1135 1487 1231577500
1135 1488 1235563947
1135 1712 1231608393
1135 1713 1235719900
1135 1492 1233910435
1135 1493 1233821910
1713 1703 1236982078
1713 1704 1234351317
1713 860 1235167270
1713 1715 1231418239
1713 1485 1232870771
1713 1486 1246691466
1713 1487 1234019192
1713 1712 1231936252
1713 1135 1235051805
1713 1492 1232874310
1714 1703 1240310437
1714 1704 1242210492
1714 1487 1233222187
1490 1716 1233596445
1490 1703 1232047014
1490 1704 1231493485
1490 1717 1244266604
1490 1706 1237870221
1490 860 1235948463
1490 1707 1233388975
1490 1708 1233388508
1490 1484 1244392392
1490 1715 1236072567
1490 1711 1240896034
1490 1487 1232628111
1490 1488 1250096194
1490 1492 1233140554
1491 1703 1243187870
1491 1483 1231434071
1491 860 1239820493
1491 1487 1246696685
1491 1488 1231762166
1491 1492 1231942012
1493 1703 1235505727
1493 1483 1236869635
1493 860 1248855112
1493 1484 1232623902
1493 1485 1231942812
1493 1486 1246429725
1493 1487 1235331437
1493 1488 1237494973
1493 1719 1232727782
1493 1135 1233822387
1493 1720 1233484931
1716 1703 1233131068
1716 1717 1236717431
1716 1705 1239943686
1716 1483 1246791584
1716 1707 1244530386
1716 1490 1233596760
1717 1716 1239968313
1717 1703 1244372713
1717 1705 1248425366
1717 1487 1241677247
1717 1490 1244267648
919 1721 1235044792
1721 919 1237459007
1721 755 1234230204
1722 919 1242711676
1722 918 1233106450
1723 1724 1236802789
1723 1725 1233595847
775 661 1232754579
775 135 1234464208
900 325 1239814011
900 137 1234566252
1164 135 1235138862
1120 135 1241177843
136 131 1233865777
136 123 1233869869
136 134 1234199247
136 135 1232331669
1136 1117 1238725191
1136 135 1233685517
1136 906 1234995151
1136 1115 1233808179
1136 129 1234394786
1136 137 1234214908
1166 1726 1243880204
1138 602 1243006049
1138 1115 1234805843
137 1416 1236102046
137 900 1234564515
137 123 1234908855
137 325 1235660651
137 1127 1234574651
137 1130 1235569992
137 135 1234494272
137 1136 1234214977
137 129 1234457890
1727 1728 1243312864
212 1729 1233055750
1729 212 1240131491
788 633 1238705580
788 414 1241808050
788 1211 1238426421
325 900 1239813392
325 137 1235660484
1127 1117 1234576087
1127 137 1234574515
1130 900 1241382623
1130 1730 1238283810
1130 1138 1240583849
1130 137 1235566929
1033 404 1237150686
1033 1731 1233264610
1033 1732 1238192021
1033 1733 1237158484
1033 1734 1235077725
1033 492 1237819721
1033 411 1237901649
1033 1544 1236010354
1033 1735 1237406598
1033 1649 1237316506
1033 1736 1237307091
1733 1649 1236305363
1734 1649 1241720759
1734 1033 1238006883
1544 1446 1235786346
1544 404 1246421750
1544 1732 1241184453
1544 492 1241355907
1544 411 1243184499
1544 412 1241450331
1544 1647 1241099555
1735 1734 1237240598
1735 492 1245160069
1735 481 1245162101
1735 533 1245589422
1649 404 1248198488
1649 1651 1251678129
1649 1733 1237776914
1649 1734 1241515549
1649 412 1241444077
1649 1736 1249328809
1649 1647 1249398245
1649 1648 1249258825
1737 1738 1234209458
1739 22 1232960890
1739 544 1233428771
1739 626 1237044944
1740 22 1232788083
362 1741 1243449905
362 903 1243367207
362 22 1231895543
1742 1743 1246424762
1744 1745 1230950846
1744 1746 1231815152
1744 1747 1234217278
1745 1730 1234127181
1745 1744 1230951400
1745 1746 1231201385
1745 1747 1232144253
1745 906 1249753566
1746 1744 1231815049
1746 1745 1231200459
1746 1747 1235401218
1747 1744 1234421343
1747 1745 1232129734
1748 1003 1232833820
1006 233 1232991145
1006 234 1231607793
1006 786 1230255088
1006 1243 1234905522
1006 243 1232689608
255 245 1242945999
255 222 1232456660
255 1000 1231818143
235 236 1242915020
235 223 1241110083
235 486 1241025023
409 1590 1241126837
409 236 1239453055
409 1583 1250873815
409 259 1232849031
1008 545 1237845262
1008 1749 1241565216
1008 1750 1233497099
1008 1000 1233671543
246 218 1231775350
246 999 1235487811
246 223 1231873574
1009 1000 1233764679
1751 561 1237387753
561 74 1233839344
561 972 1240571352
1752 1313 1238341865
1752 791 1237995257
1752 1753 1244121278
1313 35 1241107081
1313 1312 1240223945
1566 1754 1240398880
1566 1381 1239601943
1566 860 1237464837
1566 1564 1247751144
1755 563 1241129111
563 74 1238028648
563 1211 1234309181
563 534 1243007271
1234 895 1231291400
1234 1235 1231300055
1235 895 1231866359
1756 894 1233952585
1756 895 1239118973
1757 895 1250867818
1758 895 1231387212
1758 1235 1231384773
1759 893 1230676589
1759 1234 1230725007
1759 895 1245329665
1759 1079 1232347495
1759 1130 1231098847
1759 1235 1231075039
407 1760 1235571644
407 1761 1236353481
407 1762 1235347146
407 1763 1236776737
407 495 1235018599
407 1560 1235506900
407 1764 1234716341
407 1316 1236268916
1760 407 1235572291
1760 689 1237216669
1760 495 1236038518
1761 407 1236282622
1761 1764 1235747818
1762 450 1242737521
1762 407 1235325163
1762 1320 1242337724
1763 407 1236777111
495 407 1235012345
495 1760 1236009957
1560 407 1235506242
1560 246 1233867753
1764 407 1234714728
1764 1761 1232132687
1316 407 1236791987
1316 591 1235399220
1316 601 1231453879
802 1765 1244579843
802 1687 1245410020
802 1509 1242734825
802 717 1247649942
802 1027 1236954079
802 1766 1234586760
1767 1768 1242876985
1767 405 1238011550
1769 1770 1233725626
1770 1769 1238083292
1771 1772 1231879052
1458 912 1242407328
1458 1773 1246277480
1458 24 1235685134
1458 61 1235431242
1458 1774 1244030543
1773 1458 1234725326
1775 1458 1237298791
1776 423 1233778731
423 236 1233853724
423 983 1245433094
423 972 1242988482
423 1776 1233861567
1286 365 1237730525
1286 1777 1234217810
346 772 1242319973
610 1778 1231628452
610 287 1244318389
610 669 1242008462
610 772 1240878783
610 1779 1232029672
610 1500 1239248994
1481 772 1237466237
1482 1579 1241301505
1482 772 1231798614
1780 1781 1234562165
1780 1782 1235587054
1780 1783 1238862313
1780 1784 1237622732
1781 1780 1239210544
1782 1780 1235597966
1782 1225 1248683214
1783 1780 1238861663
1784 1780 1237332010
1784 1381 1246872609
1785 1786 1246556492
1785 1787 1238453840
1786 1785 1246554587
1788 1789 1240858387
1692 1790 1230501338
1692 1250 1237252743
1692 1019 1233350272
1692 1791 1235669437
1692 646 1232211739
419 1017 1233178390
419 1019 1231882655
419 1627 1232477369
419 49 1235447973
644 646 1232102421
1792 1793 1236264202
1792 1794 1237656217
1793 1792 1236264079
1793 1794 1231262322
1794 1793 1231264008
773 1795 1243938818
1795 1373 1238440413
1795 773 1243387357
1796 1797 1251648851
215 1798 1245713432
40 1799 1249132146
1800 1799 1247830276
1800 1801 1247784125
1038 1799 1246371534
1038 1036 1236068465
1038 195 1239898926
1801 1799 1247072796
1801 1312 1236096823
1801 1802 1245849215
1023 1803 1235831577
1023 460 1233078732
1023 1804 1242067918
1803 1023 1241601445
460 1171 1237093637
460 1239 1232122798
460 448 1236050780
460 1023 1236223870
1804 1805 1237552310
1804 185 1236876968
1804 39 1240596580
1804 1806 1236715432
1804 1023 1242091768
131 451 1233237721
131 1049 1234287881
131 133 1232054649
131 1023 1244265573
1807 1023 1248455259
801 7 1247359232
801 1023 1248422160
1808 299 1250617761
1809 469 1236124364
1810 1012 1246163443
1810 911 1232023450
1810 1811 1241770396
1810 737 1248373372
1812 281 1240405987
1812 1813 1243532022
1812 1814 1238960135
1815 455 1240073866
1815 1472 1243444318
1815 948 1241143808
1815 1816 1239906026
1472 1815 1232754251
1472 922 1231187509
1472 1816 1231362470
948 1815 1231958716
1816 1815 1233087597
1816 922 1231793027
1816 1472 1231357792
343 292 1244952681
265 237 1234992802
265 239 1234231945
265 228 1233096069
265 229 1233700191
239 1278 1238603317
239 268 1231276055
239 354 1231011845
239 265 1234231677
239 1044 1240499251
239 1387 1231468685
1113 353 1246853226
1113 457 1245999606
1113 361 1249779076
348 1817 1233256887
348 1818 1241403675
1817 348 1233256152
1818 348 1241403616
980 519 1245501248
980 1238 1243539257
980 1819 1241793769
980 635 1239330769
980 971 1240826054
980 1406 1242130653
980 1575 1242330092
1778 610 1243705543
1778 873 1237956419
1500 610 1240001475
1820 185 1249861885
1820 1626 1248792211
1820 1821 1249488159
418 1313 1236555642
418 1447 1231031072
258 223 1231503446
258 227 1231517860
258 261 1233111644
258 264 1231387598
258 1443 1233105386
1822 545 1248052714
1822 1823 1249336132
1822 1676 1242678795
1822 796 1247720313
1824 10 1237031339
462 482 1231536446
482 479 1247097252
482 224 1238368051
482 462 1231521225
482 463 1246971008
1439 1825 1229981525
1825 1439 1233397551
1826 1439 1236866331
1827 1828 1245119245
1827 1829 1237138570
323 408 1236307806
323 284 1232746930
323 350 1238177616
323 236 1233440984
323 591 1231126259
323 755 1243042763
323 601 1235085701
323 978 1235089778
323 624 1235617580
637 755 1242524555
637 553 1236272159
463 414 1239302743
463 1134 1249046874
1830 755 1233361346
349 755 1232514844
200 206 1247517625
200 1729 1235790345
591 1175 1233530982
591 323 1232807998
591 1278 1231826934
591 35 1230525061
591 75 1233447327
591 1831 1231768849
591 1316 1236267906
1175 15 1233409882
1175 591 1233531271
1831 591 1231605132
1831 243 1231891179
1832 18 1240200039
1833 1834 1239020878
1835 1834 1232633405
1790 1416 1237250671
1790 1692 1231186713
1019 1017 1231422355
1019 1196 1231798897
1019 419 1231881733
1019 1249 1233931063
1019 144 1236102475
1791 1529 1235741592
1791 1692 1244032494
1836 1837 1246107974
1838 1839 1245690445
450 1840 1247784744
450 1841 1236214295
450 1842 1232575363
450 1558 1247853304
450 18 1248957128
450 983 1245784165
450 19 1239545940
450 906 1239214986
450 1401 1239363314
451 131 1233237557
451 1117 1231480263
451 33 1233764985
451 1049 1234274712
451 133 1232982499
453 1280 1235482159
453 33 1236915106
453 1049 1235594009
453 766 1238541350
1843 33 1247509317
1843 1844 1233247169
1843 1418 1239881657
1843 1845 1238633260
1492 1483 1233816201
1492 860 1234990697
1492 1484 1233921561
1492 1487 1232487467
1492 1488 1234270035
1492 1719 1231924969
1492 1135 1233911799
1492 1490 1234096052
1719 1716 1233304011
1719 1703 1245238701
1719 1704 1235731231
1719 860 1249271202
1719 1707 1231503055
1719 1484 1231925721
1719 1715 1236781429
1719 1485 1251368680
1719 1711 1233899656
1719 1487 1232009863
1719 1488 1232434949
1719 1712 1235721453
1719 1135 1231923469
1719 1490 1239161427
1719 1492 1231924776
1719 1493 1232723404
1846 1487 1232005226
1846 1492 1232209226
1847 1492 1244138407
1848 1849 1231514249
1849 1848 1233082783
1105 1097 1245506345
1106 1097 1239027714
1106 1109 1244591551
1106 1103 1234190905
1698 787 1232840242
1850 1851 1250501810
1852 1853 1230430063
1853 1852 1230425100
776 661 1233242482
776 777 1234548858
777 661 1232119911
777 776 1234549440
1854 1855 1231834326
1854 1856 1244614089
1854 722 1237403294
1854 91 1236103075
1854 1857 1236764172
1592 1858 1233518128
1592 1859 1241262544
1858 1592 1233518090
1859 1858 1245629226
1859 1592 1249266543
1860 1334 1241864082
1860 1335 1247661044
1335 1334 1229796988
1861 268 1232069795
1861 453 1239188123
1861 1862 1235928655
268 1243 1231250866
268 249 1230909730
268 239 1231276299
268 412 1231514251
268 229 1232890241
268 231 1237155754
268 262 1236906320
268 266 1246492507
268 259 1231995800
1862 1861 1244123290
259 268 1232024623
259 409 1232849206
259 1198 1232070020
259 223 1232305890
259 252 1231908894
252 234 1236695234
252 219 1237033859
252 221 1232235960
252 354 1240326451
252 259 1231908737
252 232 1232554357
1863 218 1245432440
1863 1864 1250371719
1485 1483 1231745978
1485 860 1236949913
1485 1484 1238162938
1485 1715 1234034763
1485 1488 1233838455
1485 1865 1231795102
1485 1489 1233693413
1485 1493 1236017239
1486 1703 1251261864
1486 1704 1231334929
1486 860 1246265834
1486 1707 1246262339
1486 1708 1232126580
1486 1710 1231837771
1486 1487 1231507028
1486 1719 1232349124
1486 1712 1231835541
1486 1135 1231419455
1486 1713 1246674664
1486 1493 1246426383
1489 1704 1233263049
1489 860 1246607281
1489 1715 1234436538
1489 1485 1233732502
1489 1488 1244440512
1715 1704 1231507693
1715 1483 1231404152
1715 860 1234885409
1715 1707 1231507661
1715 1484 1235368365
1715 1485 1235570367
1715 1486 1249361030
1715 1487 1231340247
1715 1488 1231761150
1715 1712 1242321696
1715 1135 1233657832
1715 1713 1233851082
1715 1489 1239016995
1715 1490 1236098161
1067 1068 1238781434
1068 1067 1231093500
1066 1067 1236171620
1866 358 1235434937
358 307 1241017556
358 1866 1235437815
1867 1868 1234685041
1868 639 1240456319
1868 1867 1234587955
1869 1870 1245515922
1845 1871 1245236876
1845 1844 1241460380
1845 1843 1236802942
1845 1872 1249489365
1845 1862 1249493561
1844 1843 1233678670
1872 1002 1234490532
1872 45 1236295224
1872 1247 1231767240
1872 1873 1250085751
1874 1875 1244419735
790 1876 1233334043
1876 790 1236306736
1877 73 1232992758
1877 717 1236196555
1877 1878 1244124440
73 60 1232660607
1878 1877 1242392382
1879 1880 1247172169
1879 199 1250848866
1881 1882 1241181993
1881 1883 1233973970
1882 1287 1237213132
1883 804 1251864161
354 1006 1232664811
354 234 1232547380
354 806 1238530675
354 263 1230609381
354 238 1230663563
354 239 1231011392
354 242 1230684864
354 480 1237256676
354 245 1232279405
354 1884 1238030623
484 265 1231084526
484 480 1237607578
484 487 1238534245
486 1885 1234931395
486 359 1232594559
486 235 1241024548
486 1196 1232595575
486 483 1232595783
486 414 1233956521
486 480 1234823879
486 803 1233685982
486 421 1233603380
486 424 1244134297
487 1446 1232678422
487 484 1238534300
487 480 1244379727
109 87 1231575527
109 114 1232030008
87 81 1232193525
87 82 1243882840
87 83 1231348201
87 86 1233963905
87 104 1248476110
87 106 1233700362
87 108 1231313960
87 80 1236365010
87 109 1231803204
87 88 1231442466
87 89 1231607193
87 111 1243125255
87 90 1238986221
87 91 1244760829
87 93 1240552482
87 94 1240605004
87 113 1241559015
87 731 1235602732
87 96 1231538773
87 97 1241263534
87 98 1231827442
87 1886 1235477589
114 86 1238680473
114 109 1231542772
114 95 1231622256
1887 1054 1244494096
1887 1888 1233118163
1887 107 1231734220
1887 109 1233287331
1888 1319 1242404806
1888 109 1233028993
1888 87 1246292146
1888 110 1236017279
89 107 1234145172
89 80 1237430551
89 109 1237607057
89 87 1231996727
89 91 1242407273
89 93 1242163168
89 94 1243959443
89 95 1234134868
89 96 1243626762
89 98 1240931857
96 81 1241028139
96 80 1238078023
96 109 1231600627
96 87 1231538532
96 110 1243439797
96 89 1241035730
96 98 1236496671
1889 404 1238527132
1889 1542 1234385601
1889 1733 1240340755
1889 1734 1233216308
1889 411 1242761738
1889 1890 1241561433
1889 803 1248206197
1889 624 1232852807
1889 533 1247592379
1889 1891 1246388781
1892 1168 1233234079
1892 1137 1248114546
981 365 1231860764
981 1177 1237189093
981 972 1239131354
981 317 1243248668
981 1893 1234720310
1894 1895 1244022036
1895 1894 1244033576
1896 429 1240839523
1896 185 1241703761
1896 1806 1240523317
1897 624 1244743673
624 323 1235618112
624 715 1250303203
1898 1633 1245854410
1633 1631 1246400710
821 816 1246776666
823 816 1248459482
817 813 1231187121
817 818 1231321977
818 815 1246823646
818 813 1231191223
818 816 1246386195
818 817 1231276807
267 1650 1236787826
267 229 1235527257
1650 412 1230737605
1899 1900 1245764005
1901 1902 1235597289
1902 1903 1234979318
1902 1904 1236226115
1902 1901 1241284367
1902 1905 1234972037
1906 1907 1240938841
1273 840 1245526001
1273 1107 1245277913
1908 1909 1233195296
1908 1910 1231723952
1909 1908 1233023882
1909 1910 1232486617
1910 1909 1232487297
1910 1908 1231723640
1911 1912 1240438782
1913 1914 1239986889
1915 6 1234951075
6 286 1234118905
6 3 1234261000
6 1915 1234964777
1370 1527 1233754645
1370 1528 1230734517
1528 1527 1230693021
1528 1370 1230583836
1528 603 1243720034
1528 1873 1242917162
1916 1917 1233062851
1916 1918 1236357533
1918 1916 1244660054
459 448 1242591873
1374 1373 1239200319
1374 1372 1250619347
1374 459 1236713074
1374 771 1236093802
1374 1919 1231271565
1777 1920 1242769081
1777 1286 1231668741
1920 1084 1240755272
1921 1119 1235587482
1921 1317 1245159318
1921 1308 1233920500
1119 573 1236655996
1317 1921 1247578884
1317 601 1236526804
899 904 1243268962
1922 749 1231044849
1923 1246 1232831256
1246 1923 1232393382
1246 979 1234285739
1924 1130 1238336242
1725 1723 1230608821
1925 1926 1231651822
1133 1927 1232755841
1133 1115 1233808379
1927 1133 1231952720
1928 1929 1238489249
1928 417 1238777889
1928 1930 1231422706
1928 1931 1233371201
1929 1928 1238413688
417 410 1247510884
417 1290 1236987361
417 1932 1246680854
417 421 1240316006
417 424 1243175797
417 426 1241208981
1930 1928 1231564042
1931 1933 1233364587
1931 1928 1231995004
795 781 1247588978
795 1303 1238570294
795 709 1244394510
795 1934 1249937225
795 1935 1241182538
795 1881 1231373947
795 1583 1247439526
795 1077 1233256748
781 680 1238810399
781 795 1247589353
1303 795 1245992869
1303 1299 1233473205
1303 1934 1249922767
1934 795 1250276633
1077 795 1233249423
1077 6 1243167209
1077 1076 1235746993
1936 1937 1246672706
1936 1938 1238944936
1903 1905 1233874386
1905 1903 1233761526
1905 1904 1236137027
1905 1902 1234971941
1939 596 1234510102
234 1001 1232823247
234 253 1231875424
234 354 1232548087
234 238 1230995565
234 243 1231688594
234 1003 1238258416
234 1004 1238524863
234 224 1234571794
234 231 1244928805
234 251 1241696174
806 1940 1245712620
806 805 1231447118
806 233 1231245077
806 354 1238531595
806 264 1231431046
806 1941 1244819236
806 1444 1236133498
806 1942 1238000166
806 266 1233021570
806 743 1232155760
242 1244 1231455379
39 30 1247465455
39 1804 1240574647
1943 39 1236911780
1944 590 1236947570
590 1944 1236946820
1945 1946 1234361274
1946 1945 1234815804
369 367 1233716617
1947 812 1236828475
1109 1106 1244590321
1108 1101 1237311146
1108 1109 1239196281
1948 1109 1247088902
879 324 1235317446
879 881 1238680968
881 875 1238764759
882 568 1231445160
883 1238 1241095042
883 1949 1239890927
883 1950 1237820976
883 1951 1231693554
883 348 1234193774
883 1952 1241095160
422 75 1234314307
422 49 1245684027
1953 908 1251248933
1954 1955 1235742243
1955 1954 1235741686
1956 1954 1237406552
1956 7 1242426867
1957 949 1232138319
949 1957 1232569327
1958 854 1250104003
1958 1659 1250090957
1659 683 1243942298
1659 779 1231944618
1959 270 1232540183
46 19 1236728035
46 1129 1240403403
46 335 1236747206
46 25 1235406353
46 362 1247161281
1960 406 1250200992
406 236 1249070184
108 840 1234409591
108 1961 1239029325
1961 1273 1244125752
1961 108 1246281750
98 108 1234897781
98 80 1233178351
98 87 1231741952
98 89 1240933813
98 112 1235153687
98 95 1234379985
98 96 1236103903
98 1886 1231860425
98 1962 1246999883
1963 101 1247911518
1963 353 1243961924
1963 633 1244804237
1963 511 1245686196
1963 1964 1245777111
1963 1965 1248705239
1963 8 1245779078
511 509 1245672367
1965 1963 1248705888
8 1131 1241119178
8 1191 1240630778
8 5 1239092758
1966 1823 1234143040
1966 603 1236256281
1966 1630 1231379847
1823 1630 1236123748
1823 1966 1234142765
603 1527 1245429549
603 1528 1243638296
603 363 1234894961
603 1630 1231976192
603 1966 1245238820
1630 1823 1236123865
1630 603 1231976463
1630 1966 1231602244
361 1113 1249782944
361 1321 1247239221
1967 1968 1237404583
1968 1967 1248285196
534 519 1239630090
534 1052 1238765907
534 563 1243005661
1969 809 1231221725
1969 1970 1241101576
1969 1971 1245390286
809 1969 1232214772
1972 1973 1231713324
180 1021 1235060819
180 1437 1233354343
180 508 1232575770
1478 944 1239104482
248 233 1234185282
248 786 1230334600
248 219 1234259759
248 237 1232822215
248 222 1233309647
248 229 1234009137
248 216 1238321424
248 231 1238337871
249 219 1233985124
249 268 1230906777
249 253 1230647216
249 397 1232839247
250 219 1237204655
250 224 1234529475
250 216 1236027716
251 219 1236614106
251 238 1241057334
240 1006 1232123286
240 218 1232537285
240 219 1235381316
240 409 1238153790
240 249 1233239427
240 224 1237824648
1974 1694 1232368411
1974 1857 1238705135
1694 1975 1234094738
1694 1974 1232365414
1857 1974 1245429349
1976 1977 1247728836
1805 1978 1245704132
1805 1804 1237553417
1979 7 1247634892
1980 1979 1243907439
1981 31 1233134617
1981 472 1233925280
1981 570 1234271363
1981 1021 1233847085
1981 1129 1235437308
1981 624 1235785023
1475 923 1234192927
1982 446 1234012921
1983 1984 1238702208
1985 1986 1245936069
1986 1985 1245932153
1987 1857 1250239804
1988 1857 1240251265
1989 1583 1250879488
758 1990 1244400970
758 1991 1250121857
758 1992 1249880372
758 1993 1245487419
758 763 1235694324
758 1994 1233268851
758 1995 1247614495
1990 1996 1236011179
1990 1997 1237903855
1993 66 1237322972
763 1998 1248782085
1995 1993 1246010930
1999 2000 1231432864
2000 1999 1239380006
636 32 1240604743
636 551 1239021245
636 190 1239714575
636 2001 1241438297
2002 2003 1229696647
2003 2002 1229636587
2004 1006 1240190885
2005 253 1240524270
2006 2007 1243273908
545 796 1248060381
2008 1856 1232948153
2009 2010 1246787097
2010 2009 1246788300
2011 1328 1244519772
2011 1313 1242177181
2011 45 1241039824
2011 563 1240888352
2011 1229 1241608474
2011 2012 1249483247
2011 2013 1244480263
2014 1571 1244490546
81 2015 1242212972
102 1111 1229728439
86 82 1235087376
86 838 1238590007
86 114 1235793492
107 82 1248287598
107 1887 1240345159
107 80 1232648622
107 87 1234855608
107 89 1233888729
88 97 1231617242
90 731 1250880296
95 80 1235584046
95 87 1231522590
95 89 1237567859
95 114 1231609594
95 98 1248292513
97 88 1231617107
639 557 1244739367
639 1868 1240451270
322 2016 1246572188
322 1968 1246294593
322 590 1244486181
322 555 1236272090
322 557 1237828387
1730 2017 1247072284
1730 2018 1231105044
1730 1130 1238283199
2017 1730 1247074803
2018 1730 1231459693
1962 98 1245091152
1962 2019 1249413083
2020 7 1245158772
2021 2022 1231343979
2022 2021 1231330237
2023 2024 1242982981
1260 1156 1250231509
1260 2025 1234974085
1260 1611 1239985316
2025 1155 1234202923
2025 1255 1236879581
2025 1260 1236628318
1741 572 1244211868
1741 1371 1249593532
1741 362 1243449670
2026 362 1246908273
2027 538 1232033096
2027 1673 1230732429
2027 1079 1231567943
2027 2028 1231217291
2027 1674 1232272099
956 2029 1238265427
956 377 1240055703
956 379 1240962717
956 949 1231284419
956 2030 1241750381
1479 2029 1234123105
2031 783 1243380632
2031 2032 1242630285
783 2031 1243397905
783 686 1241055110
2032 2031 1238689453
814 813 1248695124
820 813 1235497329
2033 2034 1241027381
2035 1192 1239639529
1192 1190 1241574273
1192 2035 1239727188
2036 1856 1250771150
2037 1632 1243639027
2037 2038 1231970440
2037 2039 1231816415
2040 1092 1245697895
2041 472 1243080893
2041 2042 1239979527
2041 2043 1239977682
2041 1130 1240360447
472 1002 1241876250
472 42 1246402185
472 471 1234787916
472 554 1248264513
472 352 1241426029
2042 2041 1240582780
2042 1791 1251473326
2043 2041 1241184551
2043 988 1248837832
2044 69 1232947520
2044 1319 1251486264
2044 616 1238596258
1319 550 1242329813
1319 1888 1242414086
1319 905 1237405195
1319 311 1243300178
1319 2044 1244826327
1319 1962 1247148773
616 2044 1238610516
2045 2046 1232136941
2047 2048 1234229952
2047 1473 1235299130
2048 2047 1236654753
1473 2047 1233708848
2049 2047 1249647990
2049 763 1245417833
2049 65 1236690093
2049 1995 1249216925
1287 365 1231958980
1287 1882 1237213059
2050 1797 1243583065
2050 2051 1238244519
2050 2052 1245750647
2051 2050 1238243711
2051 2053 1238245539
2052 1797 1232650418
2052 2050 1237460390
2052 2053 1234811498
2052 2051 1245098124
2054 2055 1231319912
2054 2056 1233325883
2055 2054 1231267561
2055 2056 1231511578
2056 2054 1233325354
2056 2055 1231363833
2057 2054 1233830938
1085 1084 1235392657
621 429 1234276488
621 1085 1237194198
621 35 1241906276
621 185 1234188815
621 2058 1239317920
621 612 1234185257
621 47 1234371434
2059 2060 1243210525
2060 2059 1243134164
2061 2062 1236093656
2062 2061 1236092118
2063 2061 1231621835
2064 344 1232491510
344 1278 1234068534
344 794 1232461751
1144 1143 1237264878
784 257 1240510730
2065 1274 1234123223
2065 2066 1231235670
2065 2067 1235675718
1274 2065 1234123105
1274 1063 1251506633
1274 845 1234282826
2066 2065 1231167353
2066 2067 1233765830
2067 2065 1235675953
2067 2066 1232567739
1919 1373 1243450947
1919 1055 1232384666
1919 1372 1237769915
1919 771 1237912731
1919 2015 1236273767
1055 1054 1229662379
2015 81 1245605118
2015 493 1248442770
2068 1814 1232636492
2068 7 1249762214
1937 1936 1248926570
2069 2070 1236869245
2069 2071 1236384114
2069 2072 1231616769
2070 2071 1229922723
2070 2069 1243625712
2071 2070 1229309282
2071 2069 1236381323
2071 2072 1238591191
2072 2071 1238591262
2072 2069 1231515900
1621 79 1234393955
1621 1620 1231237823
1621 339 1247270187
1621 2073 1239931052
1384 1381 1232025099
1565 1381 1235070493
1565 1970 1245140682
2074 1381 1236383906
337 287 1241683400
339 287 1235961180
339 1152 1231299641
339 1151 1233247674
2075 287 1232382578
2076 287 1231898823
2077 2078 1233432611
2077 1658 1241093989
2078 2077 1233432556
2079 2077 1236155045
2080 1789 1235685025
2081 2082 1237841357
2081 382 1247764109
380 2082 1232047307
380 921 1231310175
2083 1554 1244722489
1554 1552 1230762859
1554 2083 1244699809
1554 256 1230488944
1554 2030 1231451514
2084 663 1246462918
2084 864 1246023892
2084 2085 1248125526
2084 1432 1250640777
2084 1454 1243499005
2086 1499 1240942342
2087 1499 1237302374
1242 35 1241357475
1242 1499 1232977570
1242 1016 1232904054
1242 332 1240750091
2088 1446 1238275729
2088 2089 1238852045
2088 1632 1246457403
2088 2090 1246882869
1632 2088 1246455310
148 2091 1234800349
148 553 1237038521
148 141 1234735005
148 145 1232134048
792 1536 1243469900
792 706 1238727487
792 148 1241706029
792 145 1242422827
2091 148 1235330139
2091 141 1235612597
2091 145 1231897682
2092 2093 1234454275
2094 1155 1243101194
2094 2095 1246836146
1155 1154 1235048655
1506 2096 1232844118
2096 1506 1232843055
2097 1134 1242142375
1134 1781 1234031674
1134 1165 1234649589
1134 463 1249042927
2098 2099 1239351402
2100 2101 1236139909
147 144 1231522552
2102 147 1245848990
2103 2104 1236869945
2104 2103 1237211528
2104 1084 1240234761
2105 2106 1244627948
1331 779 1232426490
2107 2108 1240758464
2109 2110 1245847637
2110 2109 1245847847
2111 2112 1229717283
476 474 1236557244
2113 2114 1231731749
2113 438 1248651299
2113 2115 1231704975
2113 2116 1240684369
2113 2117 1233552951
2113 1038 1244418741
2113 1802 1237224442
2113 873 1237044562
371 374 1246035846
372 370 1234220324
372 380 1231018486
374 371 1243024341
374 376 1229707993
374 950 1235756470
376 942 1230598031
379 949 1232042073
381 996 1233091661
382 944 1245710939
382 945 1233934286
383 1957 1245385509
383 372 1246460163
383 370 1242841952
2118 404 1246388179
2118 492 1243804940
2118 412 1241705229
2118 532 1243420844
2118 1289 1244816587
2118 1736 1242259552
2118 1647 1241317034
1289 492 1247767378
1026 855 1237562971
1026 122 1237380787
1026 1128 1244320115
2119 458 1239961485
458 2119 1239339367
458 186 1238218060
2120 2121 1235893555
2122 2123 1235396825
2124 1996 1233236363
1996 1990 1233508704
2030 956 1241751033
1542 2125 1235435182
2125 1542 1235087649
2126 336 1240247792
2126 2105 1250580775
2127 186 1242988898
2127 2128 1243077189
186 458 1238502329
2129 2130 1235639464
2131 2132 1247050805
2133 2134 1235838931
982 972 1250096806
753 49 1232422660
754 1244 1231979433
256 756 1230940351
256 609 1232121178
256 1368 1239207108
256 49 1235514681
756 256 1230942320
756 49 1232156600
757 2135 1233259365
757 49 1233927661
759 219 1235149125
760 49 1241144276
762 49 1234841046
767 245 1243195596
767 49 1238263311
1997 103 1238170952
1997 1990 1242732696
413 408 1234067180
413 410 1242788485
410 236 1234216045
410 413 1242788437
410 414 1238185388
410 417 1238369163
410 421 1240612117
1885 359 1231293915
1885 411 1245798299
1885 413 1242785430
1885 486 1234931666
2136 329 1231607327
2136 2137 1239380031
2137 1505 1238183823
2138 2139 1240514883
1309 2140 1238842534
1309 1308 1232181914
1309 2141 1237630822
2141 1309 1244777047
1865 1483 1236663919
1865 1715 1249545779
1865 1487 1233176981
1865 1488 1233053830
1865 1720 1233415351
1865 1492 1233408313
1865 1493 1239791445
1720 1715 1231484551
1720 1493 1232631588
2142 731 1234546790
1290 417 1236987753
1290 421 1239750044
1290 426 1245632514
1932 417 1250096525
1932 1290 1235687097
424 486 1244135388
426 236 1249742834
426 417 1242214586
426 1290 1245635390
426 421 1249521793
1140 1267 1247255431
1890 1323 1242226091
1890 2143 1242445872
1890 269 1240058998
1890 1267 1246281341
2144 686 1241828414
2053 2050 1241853751
2053 2051 1238244920
2053 2052 1234807036
194 1765 1229523153
194 188 1249008398
1765 194 1229956505
1635 782 1235849926
782 1635 1235849189
782 686 1247941980
2145 2146 1231887507
72 1568 1234824980
72 69 1238779629
72 1949 1238852382
72 905 1239205837
77 69 1245142654
77 988 1236667779
78 69 1231781961
2147 294 1245437418
2147 1729 1232027336
2148 1179 1241621195
2148 1152 1243619056
1152 339 1231300689
1152 1151 1231800765
2149 1239 1232547283
2149 423 1233353712
2149 2150 1241492299
2151 48 1241054282
2152 2153 1242728533
1529 1527 1230301042
1529 1177 1246819902
1529 1692 1239759399
1529 1535 1243989279
1529 1791 1235702554
1177 981 1239002099
1177 596 1232342540
2154 2155 1235408447
2155 2154 1239962289
602 2156 1239369538
602 898 1237860359
602 1137 1244160744
602 1138 1243005632
602 2157 1238005356
2156 602 1232171410
2157 602 1238007802
2158 680 1231712622
1940 286 1242862960
1940 806 1245712388
805 737 1243716157
264 806 1231439892
264 227 1234193403
264 258 1231394720
1941 806 1239117634
1444 806 1236134183
1444 1445 1234383545
1444 1000 1237922536
1444 247 1235169312
1942 806 1236633097
266 407 1236633068
266 75 1232041090
266 261 1231973094
266 228 1232594768
2159 1042 1230137505
1425 1253 1237993641
1425 2160 1233847298
1425 2161 1237075544
1425 340 1236886398
1425 1124 1239367252
1425 79 1237831154
1425 2058 1240348245
1425 1614 1234378929
1505 2137 1238183773
1507 1504 1238514757
2162 2163 1242167956
2162 984 1239131186
1002 999 1248711126
1004 234 1238526462
1004 999 1238246313
1005 999 1236825863
1559 35 1231424104
2164 2165 1248433592
2166 60 1243879646
60 284 1231387505
60 1527 1230650819
60 286 1248732627
60 73 1232734662
60 1190 1232715736
60 794 1233803850
2167 2168 1232406440
2168 2169 1238248552
2168 2170 1234468156
2168 2171 1233071782
2168 2167 1232744502
2169 2168 1232464051
2169 2167 1236122883
2170 2168 1231195684
2170 2171 1234979804
2170 2167 1244473844
2171 2168 1231516374
2171 2170 1235505907
2171 2167 1232131231
368 367 1240353504
368 421 1246106132
2172 1371 1241391464
1371 1302 1237657064
1027 855 1246445768
1027 802 1236954488
1027 45 1240324919
1027 1181 1242324933
1027 1873 1247152651
1501 353 1241461124
1501 2173 1240582077
1501 870 1239784183
1501 1963 1240029765
2174 2175 1236180899
2176 2174 1248109750
2176 1391 1245240093
1320 1762 1242336549
1320 2135 1245908152
2135 1320 1249232091
2177 2178 1241534577
2178 2177 1241551511
2179 2177 1236631926
2180 1473 1245645088
2180 2181 1238585779
953 2070 1241786869
953 1473 1233886938
2182 235 1241571780
2182 342 1231004289
2182 2183 1230831748
2182 320 1231002656
2183 2182 1230483972
2184 2 1250841011
2184 355 1242566616
2184 2185 1240757914
355 303 1232323294
2186 2187 1241636308
2186 2188 1239029755
2187 2186 1245207082
2189 767 1250206608
2190 2191 1234242647
2191 2190 1234171748
1259 1254 1239728686
2192 2193 1233006875
2193 2192 1233007333
2194 1247 1237313174
2194 797 1235048473
797 1011 1238808287
1873 2195 1237252876
1873 1528 1242398221
1873 1872 1250192064
1873 770 1239139068
1873 2196 1240599199
2197 1502 1248962612
2198 2199 1234378018
1840 360 1242539797
1841 46 1239887379
1842 450 1232546374
1842 550 1241518712
906 898 1232665316
906 1371 1239847044
906 905 1243744479
906 1136 1238261173
1401 450 1233883223
1401 1156 1238552693
1367 2200 1230628045
2200 1367 1230627739
2201 1399 1231515867
1399 2201 1231515059
1399 564 1239395240
2202 2203 1233667561
1440 2204 1244988751
2181 2205 1234435938
2205 2181 1234632170
2206 444 1240378316
2206 2207 1238018889
565 1280 1244035484
130 574 1232571405
130 123 1233173795
567 570 1231824710
567 1198 1232394985
569 626 1232731836
321 243 1232827906
570 333 1233009026
572 1741 1244211894
572 1278 1233287866
572 794 1233238382
572 360 1234044983
574 787 1236790956
574 130 1232571557
575 1194 1235893982
583 620 1250635686
185 830 1240327701
185 1354 1234207569
185 351 1241628671
37 549 1236697963
37 1237 1231275998
324 879 1236010392
324 7 1235076769
274 231 1233023666
599 1681 1236157671
599 1306 1234699056
351 185 1241631387
606 752 1231130853
606 330 1246808396
606 971 1235598650
607 611 1232074001
611 607 1232073670
613 1560 1239992999
623 461 1247509519
627 1191 1233188780
498 1477 1244563486
498 2038 1238572652
498 213 1245754122
1477 498 1244561032
2038 2037 1231452025
2038 498 1236255513
506 1825 1237814431
506 505 1243594043
506 498 1250256650
1718 1705 1231407941
1718 2208 1245316505
1718 1886 1244621885
2208 1718 1251454842
942 376 1230594280
942 2209 1239675562
942 952 1240420571
2209 942 1239675929
2209 952 1239559438
952 942 1240414162
1111 102 1229707373
1111 1103 1233240284
1998 2210 1249579167
2210 1998 1249579421
2211 2212 1234789633
2211 1022 1234973232
1022 31 1235225062
1022 1214 1235831875
1628 2213 1232639372
2213 1628 1231618154
2213 46 1239714384
2214 1313 1242314218
2214 1628 1242407319
269 971 1240352562
269 229 1234012356
950 1260 1232081153
1530 360 1240014705
1530 620 1231524415
360 1840 1242387503
360 572 1234044305
360 1530 1240014282
360 828 1234282287
360 307 1240595358
360 909 1240880396
360 620 1236107848
2215 1179 1238505307
2215 1530 1244896367
2215 1507 1235445474
2215 1508 1241123448
2216 2217 1241867366
2218 2219 1244395971
2218 2220 1240576589
2220 2218 1240571855
2221 1508 1243970077
974 971 1237761202
975 979 1230991256
975 971 1238680333
975 906 1239054854
976 1016 1236436523
976 971 1232923333
977 971 1232121615
978 335 1236126242
2222 2223 1238376908
2223 2224 1230882827
2223 2222 1238373303
2225 2226 1240167385
2225 2227 1243979900
2227 461 1247509373
1611 1609 1230873368
1611 1260 1239986751
1638 1408 1244738599
1638 1632 1247055966
1638 1502 1243620769
1408 1631 1244582310
1408 1406 1249237018
1408 1638 1250084213
937 938 1232460750
937 934 1232378877
938 937 1232495076
2228 172 1246462838
2228 106 1238170153
2228 107 1234563303
2228 108 1233355389
2228 109 1233946300
2228 87 1231995808
2228 88 1239981923
2228 110 1243437250
2228 89 1235764165
2228 91 1244147650
2228 93 1240857732
2228 95 1237566338
2228 114 1232345353
2228 96 1231998047
2229 2230 1250014504
51 50 1233088142
1498 461 1245204605
1498 1093 1242736050
461 1090 1231884399
1093 34 1247244675
2231 159 1250150936
2231 2232 1243617328
1726 1166 1243343455
1949 883 1239891896
1950 883 1237835924
1952 1238 1241602001
1452 1450 1234877658
1453 1450 1234362312
1454 1450 1235468483
2233 1471 1239069479
1471 1465 1241309222
1471 382 1235667158
1471 181 1231620428
1471 954 1233382902
2224 2234 1240255951
2224 2235 1239230502
2234 2224 1240258149
2235 2224 1238889502
2236 1422 1231107007
2237 2238 1239239265
2238 2237 1238710498
2239 1090 1244813143
1090 1089 1240086704
1090 2239 1244813590
1090 34 1236370166
1090 1091 1235406915
1090 2227 1241100139
1090 461 1231911366
1089 1090 1239799025
1089 2239 1245404845
1089 34 1234451495
1089 699 1247310202
2240 2239 1249555869
