1	124
1	207
1	270
1	332
1	384
1	497
2	137
2	321
2	485
2	550
3	441
4	79
4	138
4	556
5	21
5	22
5	93
5	543
6	61
6	67
6	97
6	98
6	135
6	171
6	191
6	198
6	202
6	229
6	235
6	279
6	284
6	302
6	312
6	328
6	336
6	357
6	365
6	390
6	393
6	396
6	433
6	446
6	478
6	489
7	98
7	313
7	396
7	553
8	17
8	52
8	53
8	428
8	534
9	407
10	242
10	317
10	499
11	75
11	196
11	233
11	417
11	470
12	9
12	16
12	36
12	63
12	94
12	106
12	251
12	274
12	373
12	379
12	382
12	388
12	389
12	407
12	410
12	531
13	447
14	262
14	456
15	62
15	213
15	283
15	368
15	387
15	525
16	389
16	407
17	8
17	52
17	260
17	534
18	240
19	99
20	437
21	5
21	22
21	52
21	93
21	111
21	162
21	236
21	321
21	378
21	448
21	470
21	543
21	561
22	5
23	25
23	56
23	151
23	231
23	283
23	525
24	318
24	404
25	23
25	199
25	267
25	299
25	310
25	458
25	525
26	260
27	496
28	68
28	225
29	93
29	96
29	303
29	358
29	386
30	124
30	311
30	474
30	535
31	183
31	184
31	215
31	260
32	192
32	332
32	437
33	215
33	343
34	54
34	87
34	175
34	332
34	493
34	509
35	39
35	49
35	61
35	64
35	67
35	77
35	97
35	123
35	171
35	193
35	198
35	229
35	279
35	284
35	288
35	302
35	312
35	331
35	336
35	337
35	346
35	390
35	396
35	397
35	433
35	478
35	489
35	537
36	16
36	407
37	81
37	528
38	100
38	551
39	49
39	64
39	67
39	77
39	97
39	159
39	171
39	193
39	198
39	202
39	229
39	309
39	312
39	328
39	331
39	350
39	383
39	390
39	433
39	440
39	446
39	457
39	478
39	489
39	503
39	515
40	189
40	320
40	345
41	76
41	104
41	209
41	212
41	241
41	264
41	295
41	339
41	360
41	364
41	377
41	385
41	406
41	415
41	418
41	450
41	452
41	472
41	477
41	488
41	492
41	500
41	558
41	562
41	567
42	240
42	401
42	412
42	549
43	89
43	495
44	52
44	144
44	161
44	456
44	464
44	507
44	549
45	485
46	24
46	447
47	54
47	107
47	519
48	60
48	112
48	168
48	376
48	456
49	39
49	64
49	135
49	193
49	198
49	202
49	225
49	229
49	235
49	284
49	309
49	312
49	324
49	328
49	331
49	354
49	366
49	396
49	433
49	446
49	478
50	52
50	65
50	260
50	470
50	534
51	456
52	8
52	17
52	44
52	50
52	65
52	66
52	110
52	112
52	140
52	144
52	161
52	226
52	308
52	367
52	378
52	416
52	425
52	434
52	470
52	481
52	501
52	507
52	508
52	516
52	534
52	550
53	8
54	34
54	47
54	70
54	87
54	134
54	139
54	175
54	332
54	345
54	438
54	453
54	493
54	509
54	523
54	547
54	554
54	566
55	227
56	62
56	454
57	225
57	306
58	88
58	128
58	161
58	196
58	228
58	233
58	353
58	462
58	506
59	108
59	240
59	400
59	475
59	549
59	551
60	48
60	52
60	130
60	144
60	156
60	161
60	168
60	376
60	402
60	424
60	522
61	39
61	49
61	67
61	77
61	159
61	193
61	198
61	229
61	235
61	279
61	312
61	324
61	328
61	331
61	346
61	365
61	383
61	390
61	397
61	433
61	446
61	447
61	457
61	478
61	489
61	515
62	15
62	56
62	183
62	184
62	213
62	239
62	283
62	316
62	368
62	387
62	525
63	9
63	12
63	16
63	74
63	94
63	106
63	251
63	274
63	382
63	388
63	389
63	407
63	410
63	531
64	35
64	39
64	49
64	67
64	193
64	198
64	229
64	284
64	324
64	331
64	346
64	359
64	396
64	433
64	446
64	478
64	489
64	537
65	50
65	52
65	437
66	52
66	88
66	110
66	112
66	130
66	168
66	219
66	233
66	272
66	378
66	402
66	417
66	460
66	470
66	513
66	516
67	6
67	35
67	39
67	64
67	77
67	97
67	98
67	135
67	193
67	198
67	202
67	235
67	279
67	309
67	312
67	328
67	336
67	390
67	396
67	397
67	433
67	489
67	537
68	28
68	234
68	253
68	381
68	494
68	530
69	2
69	60
69	88
69	128
69	133
69	137
69	154
69	192
69	198
69	219
69	226
69	233
69	293
69	317
69	334
69	340
69	342
69	357
69	403
69	408
69	436
69	437
69	485
69	504
69	514
69	543
70	54
70	175
70	189
70	260
70	322
70	342
70	345
70	356
70	490
70	495
70	555
71	161
71	464
72	87
72	139
72	175
72	560
73	52
73	66
73	92
73	93
73	95
73	99
73	110
73	111
73	122
73	129
73	137
73	154
73	161
73	169
73	173
73	188
73	192
73	196
73	215
73	216
73	230
73	236
73	247
73	271
73	272
73	273
73	274
73	290
73	293
73	305
73	326
73	353
73	355
73	416
73	417
73	470
73	484
73	501
73	513
73	543
73	549
73	564
73	566
74	238
75	11
75	321
75	386
75	442
75	543
76	41
76	104
76	209
76	212
76	241
76	264
76	271
76	295
76	339
76	360
76	364
76	377
76	385
76	406
76	415
76	418
76	450
76	452
76	472
76	477
76	488
76	492
76	500
76	558
76	562
76	567
77	35
77	39
77	67
77	97
77	117
77	159
77	171
77	193
77	198
77	232
77	256
77	284
77	312
77	324
77	346
77	350
77	383
77	433
77	446
78	195
78	278
78	423
78	470
79	4
79	85
79	138
80	260
81	37
81	116
81	278
81	289
81	306
82	273
83	213
83	432
84	8
84	428
85	79
85	552
86	5
86	7
86	10
86	12
86	19
86	25
86	30
86	31
86	45
86	48
86	56
86	60
86	63
86	66
86	70
86	73
86	76
86	80
86	82
86	88
86	90
86	92
86	95
86	99
86	109
86	110
86	111
86	115
86	120
86	128
86	129
86	130
86	133
86	136
86	137
86	139
86	144
86	148
86	150
86	154
86	162
86	168
86	172
86	176
86	178
86	180
86	188
86	192
86	196
86	204
86	206
86	208
86	209
86	211
86	218
86	222
86	227
86	228
86	230
86	233
86	236
86	245
86	250
86	251
86	259
86	260
86	269
86	273
86	274
86	277
86	278
86	287
86	290
86	293
86	305
86	308
86	314
86	326
86	331
86	333
86	334
86	338
86	342
86	353
86	355
86	357
86	380
86	389
86	402
86	407
86	416
86	427
86	436
86	437
86	451
86	455
86	456
86	462
86	470
86	473
86	477
86	478
86	484
86	491
86	497
86	498
86	499
86	501
86	503
86	513
86	521
86	524
86	525
86	527
86	529
86	533
86	543
86	546
86	553
86	554
86	555
86	557
86	559
86	564
86	565
86	566
87	34
87	54
87	72
87	107
87	139
87	380
87	481
87	493
87	554
88	58
88	66
88	128
88	130
88	161
88	168
88	196
88	211
88	226
88	233
88	273
88	293
88	376
88	378
88	417
88	464
88	470
88	484
88	511
89	43
89	495
90	125
90	148
90	563
91	8
91	428
92	110
92	137
93	5
93	21
93	52
93	122
93	149
93	327
93	434
93	436
93	437
93	470
93	543
93	550
94	12
94	63
94	389
95	481
95	504
96	29
96	219
96	303
96	378
96	516
97	6
97	35
97	67
97	77
97	98
97	117
97	159
97	171
97	256
97	312
97	337
97	346
97	350
97	383
97	397
97	447
97	487
97	489
97	515
97	561
98	159
98	350
98	447
99	19
99	26
99	169
99	450
99	477
100	38
100	127
100	240
100	349
100	401
100	549
101	260
102	260
103	155
103	270
103	453
103	523
104	41
104	76
104	209
104	212
104	241
104	264
104	295
104	339
104	360
104	364
104	377
104	385
104	406
104	415
104	418
104	450
104	452
104	472
104	477
104	488
104	492
104	500
104	558
104	562
104	567
105	422
106	238
106	257
107	47
107	87
107	134
107	176
107	204
107	211
107	218
107	228
107	238
107	300
107	332
107	339
107	384
107	420
107	450
107	472
107	519
107	567
108	59
108	240
108	475
109	1
109	260
110	52
110	216
110	271
110	272
110	349
110	521
110	564
111	242
111	523
111	527
112	48
112	52
112	66
112	219
112	297
112	378
112	434
112	501
113	31
113	145
113	183
113	215
113	239
113	419
114	293
114	315
115	113
115	402
116	81
117	39
117	49
117	64
117	67
117	77
117	97
117	98
117	135
117	193
117	198
117	202
117	229
117	235
117	284
117	302
117	312
117	324
117	331
117	336
117	337
117	383
117	390
117	396
117	397
117	413
117	433
117	446
117	457
117	478
117	489
117	498
117	515
117	537
118	260
118	330
118	367
119	158
119	199
120	260
120	301
121	228
121	263
121	456
122	93
122	470
123	13
123	39
123	49
123	67
123	97
123	135
123	171
123	193
123	198
123	229
123	232
123	235
123	284
123	302
123	309
123	312
123	324
123	328
123	331
123	336
123	390
123	413
123	433
123	446
123	457
123	478
123	489
123	537
124	1
124	30
124	45
124	189
124	218
124	263
124	265
124	311
124	347
124	474
124	535
124	554
125	148
125	519
126	5
126	10
126	12
126	23
126	25
126	31
126	32
126	45
126	51
126	52
126	54
126	56
126	60
126	63
126	65
126	73
126	78
126	80
126	86
126	88
126	90
126	99
126	101
126	105
126	110
126	111
126	114
126	122
126	128
126	129
126	132
126	133
126	137
126	139
126	144
126	150
126	154
126	158
126	161
126	165
126	172
126	180
126	182
126	186
126	188
126	192
126	194
126	196
126	208
126	218
126	227
126	230
126	231
126	233
126	236
126	258
126	269
126	272
126	273
126	274
126	277
126	283
126	290
126	291
126	293
126	297
126	299
126	305
126	316
126	334
126	338
126	339
126	340
126	351
126	352
126	353
126	355
126	357
126	359
126	360
126	364
126	370
126	372
126	377
126	380
126	389
126	402
126	403
126	407
126	415
126	427
126	437
126	444
126	450
126	451
126	455
126	456
126	464
126	470
126	473
126	479
126	484
126	488
126	491
126	498
126	499
126	500
126	501
126	503
126	507
126	523
126	524
126	525
126	535
126	539
126	543
126	545
126	553
126	557
126	559
126	565
126	567
127	42
127	100
127	401
127	412
127	551
128	88
128	330
128	353
128	484
129	314
129	370
129	470
130	66
130	88
130	196
130	227
130	376
130	417
130	464
130	470
131	133
131	321
131	369
132	228
132	367
133	131
133	260
134	54
134	437
135	35
135	49
135	67
135	97
135	98
135	123
135	171
135	193
135	198
135	202
135	229
135	235
135	284
135	288
135	302
135	312
135	324
135	328
135	331
135	336
135	390
135	396
135	433
135	446
135	478
135	489
135	537
136	12
136	80
136	93
136	129
136	137
136	141
136	206
136	211
136	236
136	293
136	317
136	321
136	338
136	355
136	357
136	402
136	416
136	436
136	442
136	470
136	502
136	543
137	52
137	92
137	403
137	424
137	470
138	4
138	79
138	174
139	54
139	72
139	87
139	194
139	228
139	367
139	380
139	431
140	52
141	476
142	260
143	154
143	485
144	44
144	52
144	60
144	434
144	437
145	184
145	188
145	213
145	239
146	205
147	249
147	282
147	332
147	518
148	90
148	125
149	52
149	93
149	111
149	122
149	391
149	550
150	259
150	424
151	23
151	25
151	316
152	225
153	228
154	10
154	12
154	23
154	25
154	45
154	73
154	76
154	114
154	122
154	128
154	130
154	133
154	137
154	143
154	151
154	230
154	233
154	271
154	290
154	299
154	321
154	339
154	355
154	357
154	359
154	370
154	415
154	416
154	424
154	442
154	472
154	484
154	492
154	499
154	513
154	524
154	549
154	567
155	1
155	34
155	103
155	121
155	125
155	192
155	204
155	211
155	249
155	274
155	282
155	322
155	332
155	349
155	384
155	453
155	480
155	520
155	523
156	11
156	60
156	93
156	110
156	122
156	137
156	168
156	290
156	321
156	376
156	468
156	508
157	369
158	15
158	25
158	31
158	33
158	83
158	119
158	199
158	208
158	215
158	222
158	239
158	267
158	283
158	310
158	343
158	426
158	453
158	458
158	525
159	39
159	67
159	77
159	97
159	135
159	193
159	198
159	235
159	279
159	284
159	312
159	324
159	390
159	396
159	397
159	433
159	478
159	537
160	20
160	76
160	161
160	173
160	211
160	217
160	226
160	246
160	271
160	305
160	307
160	330
160	332
160	349
160	361
160	417
160	540
160	542
160	543
160	549
161	44
161	52
161	60
161	71
161	88
161	160
161	196
161	206
161	225
161	228
161	236
161	271
161	272
161	277
161	281
161	297
161	323
161	330
161	351
161	403
161	417
161	464
161	507
161	517
161	543
161	544
161	545
161	549
162	21
163	237
164	260
165	126
165	260
165	367
166	260
166	367
167	528
168	48
168	60
168	66
168	88
168	417
168	424
168	545
169	99
170	245
170	260
170	332
170	420
171	35
171	49
171	77
171	97
171	98
171	135
171	159
171	256
171	284
171	312
171	328
171	336
171	337
171	346
171	350
171	367
171	396
171	397
171	433
171	446
171	489
171	496
172	16
172	274
172	379
172	388
173	223
173	301
173	330
173	549
174	138
174	218
174	480
175	34
175	54
175	70
175	72
175	189
175	200
175	257
175	332
175	345
175	453
175	461
175	493
175	509
175	539
175	547
175	554
176	107
176	211
176	263
176	543
176	557
177	260
178	70
178	228
178	260
178	367
178	420
178	490
179	374
180	504
181	280
182	260
182	402
183	31
183	62
183	184
184	31
184	62
184	145
184	183
184	199
184	239
184	458
185	268
186	211
187	197
187	460
187	482
188	145
188	426
188	470
188	513
188	564
189	40
189	175
189	345
190	6
190	195
191	6
191	24
191	57
191	225
192	32
192	69
192	274
192	439
193	35
193	49
193	64
193	77
193	135
193	198
193	235
193	284
193	302
193	312
193	324
193	328
193	331
193	337
193	346
193	383
193	489
194	139
195	78
195	190
195	394
195	458
196	11
196	58
196	88
196	130
196	161
196	228
196	233
196	236
196	367
196	376
196	417
196	464
196	506
197	187
197	228
197	460
197	504
198	39
198	49
198	61
198	64
198	67
198	77
198	97
198	135
198	193
198	202
198	229
198	235
198	245
198	284
198	302
198	309
198	312
198	328
198	331
198	396
198	397
198	433
198	446
198	489
198	537
199	25
199	119
199	184
199	208
199	215
199	310
199	419
199	458
199	525
199	526
200	175
200	238
200	257
200	414
201	425
202	39
202	49
202	64
202	67
202	97
202	135
202	198
202	229
202	235
202	284
202	302
202	312
202	324
202	328
202	336
202	340
202	365
202	390
202	397
202	433
202	478
202	537
203	6
203	225
204	260
205	146
205	549
206	161
206	402
207	1
207	30
207	34
207	42
207	52
207	103
207	111
207	121
207	218
207	245
207	249
207	263
207	270
207	282
207	332
207	333
207	384
207	480
207	497
207	518
207	523
207	565
208	199
208	299
208	310
209	41
209	76
209	104
209	212
209	241
209	264
209	295
209	339
209	360
209	364
209	377
209	385
209	406
209	415
209	418
209	450
209	452
209	472
209	477
209	488
209	492
209	500
209	519
209	558
209	562
209	567
210	238
211	160
211	246
211	282
211	349
211	437
211	441
211	520
211	549
212	41
212	76
212	104
212	209
212	241
212	264
212	295
212	339
212	360
212	364
212	377
212	385
212	406
212	415
212	418
212	450
212	452
212	472
212	477
212	488
212	492
212	500
212	558
212	562
212	567
213	15
213	56
213	62
213	83
213	145
213	239
213	283
213	316
213	368
213	432
213	525
214	464
215	31
215	33
215	119
215	158
215	183
215	184
215	199
215	239
215	283
215	343
215	387
215	426
215	525
216	220
216	271
216	330
217	160
217	228
217	271
217	470
218	1
218	54
218	124
218	174
218	245
218	270
218	332
218	411
218	497
218	523
219	52
219	66
219	96
219	112
219	297
219	378
219	425
219	470
219	566
220	216
221	439
222	362
223	173
224	110
224	260
225	49
225	57
225	161
225	278
225	504
226	52
226	88
226	92
226	160
226	211
226	246
226	271
226	294
226	300
226	378
226	464
226	511
226	545
227	55
227	130
227	464
228	20
228	58
228	80
228	95
228	111
228	132
228	153
228	161
228	178
228	196
228	197
228	204
228	236
228	240
228	243
228	248
228	260
228	276
228	277
228	280
228	285
228	286
228	291
228	297
228	305
228	307
228	308
228	342
228	349
228	351
228	353
228	371
228	421
228	460
228	464
228	467
228	486
228	543
228	545
228	549
228	557
229	39
229	49
229	61
229	64
229	135
229	198
229	235
229	312
229	324
229	331
229	336
229	383
229	446
229	457
229	537
230	237
230	260
231	213
231	283
231	316
232	6
232	39
232	49
232	67
232	77
232	97
232	123
232	135
232	159
232	171
232	193
232	235
232	284
232	302
232	324
232	328
232	331
232	365
232	390
232	396
232	413
232	446
232	478
232	489
233	66
233	69
233	417
233	464
233	481
234	24
234	68
234	288
235	49
235	67
235	97
235	159
235	193
235	198
235	202
235	229
235	302
235	309
235	312
235	324
235	336
235	337
235	383
235	390
235	433
235	446
235	457
235	478
235	489
235	515
235	537
236	161
236	228
236	260
236	271
236	504
236	543
237	163
237	230
237	451
238	16
238	74
238	106
238	107
238	200
238	204
238	210
238	240
238	245
238	257
238	274
238	319
238	332
238	341
238	373
238	379
238	420
238	512
238	529
238	531
239	62
239	145
239	184
239	213
239	298
239	301
239	387
239	426
239	526
240	59
240	100
240	228
240	412
240	438
240	551
241	41
241	76
241	104
241	212
241	264
241	295
241	339
241	360
241	364
241	377
241	385
241	406
241	415
241	418
241	450
241	452
241	472
241	477
241	488
241	492
241	500
241	558
241	562
241	567
242	10
242	154
242	229
242	359
242	546
242	561
243	161
244	260
245	170
245	218
245	420
246	211
246	437
246	441
247	83
247	283
247	387
248	228
249	147
249	155
249	207
249	218
249	260
249	270
249	332
249	411
249	497
250	527
251	9
251	12
251	16
251	18
251	36
251	63
251	94
251	210
251	274
251	379
251	382
251	389
251	407
251	410
251	531
252	451
253	68
253	225
254	211
254	332
255	508
256	39
256	49
256	67
256	77
256	97
256	98
256	105
256	135
256	171
256	193
256	198
256	202
256	229
256	284
256	302
256	309
256	331
256	336
256	390
256	397
256	457
256	478
256	489
256	515
256	537
257	175
257	200
257	238
258	19
258	26
258	90
258	99
258	141
258	148
258	563
259	150
259	228
259	260
259	424
260	4
260	8
260	14
260	15
260	16
260	17
260	20
260	26
260	29
260	38
260	40
260	42
260	44
260	45
260	47
260	50
260	54
260	55
260	58
260	63
260	65
260	70
260	71
260	78
260	79
260	80
260	82
260	85
260	90
260	91
260	92
260	95
260	98
260	99
260	101
260	102
260	103
260	104
260	105
260	108
260	110
260	111
260	112
260	115
260	119
260	120
260	122
260	125
260	128
260	129
260	132
260	133
260	137
260	142
260	144
260	146
260	150
260	153
260	154
260	160
260	161
260	162
260	164
260	165
260	166
260	170
260	172
260	173
260	176
260	177
260	178
260	181
260	182
260	187
260	188
260	189
260	197
260	204
260	205
260	206
260	210
260	211
260	213
260	216
260	222
260	224
260	228
260	230
260	233
260	236
260	238
260	240
260	243
260	244
260	245
260	246
260	248
260	249
260	250
260	259
260	262
260	264
260	265
260	266
260	271
260	272
260	273
260	274
260	275
260	276
260	277
260	280
260	281
260	282
260	283
260	285
260	286
260	291
260	294
260	295
260	297
260	298
260	300
260	305
260	307
260	308
260	311
260	316
260	317
260	320
260	323
260	326
260	330
260	332
260	333
260	334
260	338
260	341
260	342
260	344
260	347
260	349
260	356
260	358
260	359
260	361
260	362
260	371
260	378
260	379
260	382
260	384
260	385
260	400
260	402
260	405
260	406
260	411
260	417
260	420
260	421
260	422
260	424
260	426
260	429
260	431
260	434
260	435
260	436
260	438
260	439
260	445
260	450
260	453
260	455
260	456
260	459
260	460
260	462
260	463
260	464
260	467
260	469
260	470
260	474
260	475
260	477
260	484
260	486
260	488
260	490
260	493
260	500
260	501
260	505
260	506
260	511
260	512
260	516
260	517
260	520
260	525
260	527
260	529
260	531
260	532
260	535
260	541
260	542
260	543
260	544
260	545
260	546
260	549
260	550
260	551
260	557
260	566
260	567
261	260
262	14
262	260
263	121
263	124
263	228
263	266
263	384
263	470
263	523
264	41
264	76
264	104
264	209
264	212
264	241
264	295
264	339
264	360
264	364
264	377
264	385
264	406
264	415
264	418
264	450
264	452
264	472
264	477
264	488
264	492
264	500
264	558
264	562
264	567
265	356
266	263
267	25
267	310
267	458
267	525
268	225
268	528
269	39
269	45
269	60
269	111
269	131
269	144
269	245
269	290
269	291
269	342
269	355
269	369
269	402
269	416
269	444
269	456
269	470
269	491
269	508
269	513
269	527
269	543
269	564
270	1
270	207
270	218
271	76
271	110
271	160
271	161
271	211
271	216
271	217
271	226
271	236
271	246
271	300
271	330
271	349
271	361
271	374
271	417
271	437
271	488
271	543
271	549
272	110
272	161
272	233
272	355
272	417
272	470
273	82
273	342
273	367
273	481
274	238
274	531
275	260
276	228
277	161
277	228
277	260
277	417
277	464
278	81
278	225
279	159
279	171
279	235
279	346
279	383
279	515
280	181
280	260
281	161
281	260
282	211
283	56
283	62
283	213
283	231
283	368
283	387
283	525
284	35
284	39
284	64
284	77
284	123
284	135
284	171
284	193
284	198
284	324
284	390
284	396
284	446
284	457
284	489
284	515
285	228
285	260
286	228
286	504
287	86
287	206
287	321
287	409
287	481
287	523
287	543
288	35
288	49
288	67
288	97
288	171
288	193
288	198
288	229
288	234
288	235
288	284
288	328
288	331
288	336
288	337
288	350
288	381
288	383
288	396
288	397
288	433
288	446
288	489
288	537
289	81
290	156
290	317
291	228
292	412
293	88
293	92
293	233
293	236
293	274
293	326
293	338
293	347
293	353
293	464
293	470
293	484
293	543
293	545
294	226
294	378
295	41
295	76
295	104
295	209
295	212
295	241
295	264
295	339
295	360
295	364
295	377
295	385
295	406
295	415
295	418
295	450
295	452
295	472
295	477
295	488
295	492
295	500
295	558
295	562
295	567
296	313
297	112
297	161
297	219
298	239
299	25
299	208
299	267
299	310
299	451
299	454
300	107
300	226
300	260
300	271
300	459
300	464
300	482
301	120
301	173
302	6
302	135
302	171
302	193
302	198
302	229
302	235
302	279
302	284
302	312
302	324
302	328
302	331
302	370
302	383
302	390
302	396
302	397
302	433
302	457
302	478
302	489
303	29
303	96
304	81
305	228
305	470
306	57
306	81
307	160
307	228
307	402
307	437
308	52
309	6
309	39
309	49
309	64
309	67
309	77
309	98
309	171
309	193
309	198
309	202
309	229
309	235
309	256
309	284
309	312
309	324
309	328
309	331
309	336
309	340
309	346
309	350
309	396
309	446
309	478
309	537
310	199
310	208
310	267
310	299
310	458
310	526
311	30
311	124
311	474
312	6
312	39
312	49
312	67
312	77
312	97
312	98
312	117
312	135
312	159
312	171
312	193
312	198
312	229
312	235
312	284
312	302
312	317
312	324
312	328
312	331
312	336
312	337
312	383
312	390
312	397
312	433
312	446
312	457
312	478
312	489
312	515
312	537
313	7
313	296
314	129
314	216
315	114
315	298
316	31
316	62
316	145
316	183
316	213
316	231
316	239
316	283
316	348
316	387
316	426
316	525
317	12
317	23
317	25
317	51
317	56
317	63
317	73
317	80
317	88
317	99
317	110
317	115
317	128
317	129
317	132
317	137
317	139
317	154
317	161
317	165
317	172
317	180
317	182
317	196
317	227
317	236
317	260
317	264
317	274
317	290
317	308
317	326
317	339
317	340
317	355
317	359
317	372
317	385
317	402
317	403
317	407
317	413
317	427
317	440
317	455
317	456
317	464
317	484
317	498
317	503
317	504
317	557
318	24
318	225
319	238
320	40
320	469
321	2
321	75
321	111
321	131
321	136
321	154
321	156
321	169
321	287
321	290
321	329
321	391
321	468
321	470
321	564
322	70
322	155
322	189
322	342
322	345
322	453
322	495
322	503
322	554
322	555
323	161
324	39
324	49
324	64
324	67
324	77
324	97
324	135
324	171
324	193
324	198
324	202
324	229
324	235
324	284
324	302
324	312
324	328
324	331
324	336
324	396
324	397
324	433
324	446
324	478
324	489
324	537
325	225
326	367
327	93
327	437
328	39
328	135
328	193
328	198
328	229
328	284
328	302
328	324
328	331
328	383
328	396
328	397
328	433
328	446
328	489
329	321
329	391
330	161
330	173
330	260
330	437
331	39
331	49
331	64
331	98
331	135
331	193
331	198
331	229
331	235
331	302
331	312
331	324
331	336
331	337
331	390
331	396
331	397
331	433
331	446
331	457
331	478
331	537
332	1
332	32
332	34
332	54
332	107
332	134
332	170
332	175
332	218
332	254
332	274
332	405
332	411
332	438
332	509
333	92
334	227
335	81
335	152
335	167
335	185
335	203
335	318
335	325
335	394
335	430
335	443
335	449
336	159
336	256
336	350
336	496
337	35
337	64
337	97
337	98
337	135
337	171
337	193
337	198
337	229
337	235
337	284
337	312
337	324
337	328
337	331
337	336
337	383
337	390
337	396
337	433
337	446
337	457
337	478
337	487
337	489
337	537
338	161
338	260
338	326
338	367
339	41
339	76
339	104
339	209
339	212
339	241
339	264
339	295
339	360
339	364
339	377
339	385
339	406
339	415
339	418
339	450
339	452
339	472
339	477
339	488
339	492
339	500
339	558
339	562
339	567
340	202
341	160
341	260
341	378
341	542
341	549
342	70
342	189
342	228
342	273
342	322
342	345
342	356
342	490
342	493
342	495
342	555
343	25
343	31
343	33
343	158
343	199
343	208
343	215
343	267
343	310
344	438
345	40
345	54
345	70
345	175
345	189
345	322
345	420
345	493
345	509
346	35
346	39
346	67
346	77
346	97
346	98
346	171
346	202
346	235
346	279
346	284
346	312
346	328
346	331
346	336
346	365
346	383
346	390
346	396
346	433
346	446
346	457
346	489
346	537
347	293
348	31
348	260
348	283
348	316
348	387
349	100
349	160
349	211
349	228
349	271
349	401
350	39
350	49
350	61
350	67
350	77
350	97
350	98
350	135
350	171
350	193
350	229
350	255
350	279
350	309
350	324
350	328
350	331
350	336
350	370
350	383
350	390
350	397
350	433
350	457
350	489
350	515
350	537
351	1
351	5
351	20
351	22
351	41
351	43
351	45
351	52
351	54
351	58
351	63
351	71
351	73
351	76
351	80
351	82
351	88
351	95
351	99
351	101
351	110
351	112
351	115
351	118
351	120
351	122
351	125
351	128
351	132
351	137
351	139
351	144
351	146
351	150
351	154
351	160
351	161
351	165
351	168
351	170
351	172
351	173
351	182
351	192
351	196
351	205
351	206
351	211
351	212
351	214
351	218
351	226
351	228
351	233
351	243
351	246
351	248
351	260
351	261
351	264
351	271
351	274
351	281
351	285
351	286
351	293
351	295
351	297
351	300
351	305
351	307
351	323
351	324
351	326
351	333
351	339
351	341
351	342
351	353
351	359
351	364
351	374
351	377
351	378
351	380
351	382
351	385
351	387
351	402
351	416
351	417
351	420
351	421
351	434
351	450
351	452
351	456
351	462
351	463
351	467
351	470
351	472
351	473
351	474
351	477
351	484
351	488
351	491
351	492
351	500
351	501
351	503
351	508
351	513
351	516
351	529
351	543
351	545
351	549
351	550
351	557
351	558
351	565
351	566
351	567
352	5
352	12
352	15
352	22
352	23
352	25
352	32
352	40
352	44
352	45
352	50
352	52
352	63
352	65
352	71
352	80
352	86
352	88
352	92
352	98
352	99
352	101
352	110
352	111
352	115
352	120
352	128
352	129
352	130
352	132
352	137
352	150
352	154
352	160
352	161
352	165
352	170
352	180
352	182
352	192
352	196
352	206
352	214
352	226
352	227
352	233
352	236
352	242
352	251
352	258
352	259
352	271
352	274
352	293
352	300
352	305
352	308
352	314
352	316
352	323
352	326
352	334
352	336
352	338
352	342
352	343
352	349
352	353
352	355
352	357
352	359
352	382
352	387
352	391
352	392
352	402
352	403
352	416
352	424
352	427
352	436
352	442
352	470
352	474
352	484
352	507
352	516
352	524
352	525
352	537
352	543
352	557
352	566
353	228
353	464
354	6
354	13
354	39
354	49
354	64
354	67
354	77
354	97
354	135
354	190
354	198
354	229
354	234
354	235
354	271
354	302
354	304
354	312
354	324
354	331
354	336
354	381
354	390
354	396
354	397
354	413
354	433
354	457
354	478
354	485
354	489
354	514
354	515
354	537
355	73
355	88
355	93
355	272
355	353
355	464
355	470
355	513
356	70
356	265
356	342
357	470
358	29
359	260
360	41
360	76
360	104
360	209
360	212
360	241
360	264
360	295
360	339
360	364
360	377
360	385
360	406
360	415
360	418
360	450
360	452
360	472
360	477
360	488
360	492
360	500
360	519
360	558
360	562
360	567
361	549
362	138
362	222
362	395
362	453
363	83
363	239
363	387
364	41
364	76
364	104
364	209
364	212
364	241
364	264
364	295
364	339
364	360
364	377
364	385
364	406
364	415
364	418
364	450
364	452
364	472
364	477
364	488
364	492
364	500
364	558
364	562
364	567
365	67
365	193
365	202
365	346
365	489
366	39
366	49
366	64
366	67
366	135
366	193
366	198
366	229
366	235
366	279
366	284
366	302
366	312
366	331
366	336
366	346
366	390
366	397
366	433
366	446
366	478
366	489
367	134
368	15
368	62
368	213
368	283
368	387
368	525
369	131
369	157
370	39
370	45
370	115
370	129
370	146
370	154
370	278
370	302
370	314
370	331
370	357
370	416
370	478
370	513
371	192
371	228
371	260
372	73
372	154
372	290
372	321
372	402
373	210
373	238
373	240
374	159
374	173
374	179
374	246
374	271
374	561
375	225
376	48
376	88
376	130
376	196
376	417
376	506
377	41
377	76
377	104
377	209
377	212
377	241
377	264
377	295
377	339
377	360
377	364
377	385
377	406
377	415
377	418
377	450
377	452
377	472
377	477
377	488
377	492
377	500
377	558
377	562
377	567
378	52
378	66
378	88
378	93
378	112
378	226
378	260
378	294
378	341
378	399
378	402
378	425
378	434
378	501
378	516
379	238
380	47
380	54
380	72
380	87
380	200
380	274
380	431
380	461
380	493
380	539
381	68
382	63
382	389
382	407
383	39
383	64
383	67
383	77
383	97
383	98
383	135
383	171
383	193
383	198
383	229
383	235
383	279
383	284
383	312
383	328
383	331
383	336
383	390
383	396
383	397
383	433
383	446
383	478
383	489
383	537
384	1
384	107
384	228
384	263
385	41
385	76
385	104
385	209
385	212
385	241
385	264
385	295
385	339
385	360
385	364
385	377
385	406
385	415
385	418
385	450
385	452
385	472
385	477
385	488
385	492
385	500
385	558
385	562
385	567
386	75
387	15
387	31
387	62
387	183
387	239
387	283
387	316
387	348
387	363
387	368
387	525
388	172
388	274
389	16
389	94
389	274
389	382
389	407
389	410
390	67
390	97
390	193
390	235
390	284
390	288
390	302
390	312
390	328
390	331
390	336
390	350
390	396
390	397
390	433
390	446
390	489
390	537
391	321
391	437
392	353
393	225
394	195
394	335
395	362
396	49
396	64
396	98
396	171
396	198
396	284
396	302
396	328
396	390
396	397
396	433
396	446
397	35
397	97
397	171
397	235
397	284
397	312
397	324
397	328
397	346
397	350
397	390
397	396
397	433
397	446
397	487
397	489
398	461
399	378
400	59
401	42
401	100
401	127
401	349
401	412
401	551
402	60
402	115
402	160
402	206
402	307
402	351
402	378
402	385
402	470
402	479
402	513
402	540
402	545
403	69
403	137
403	154
403	161
403	227
403	464
403	549
404	24
405	173
405	218
405	332
406	41
406	76
406	104
406	209
406	212
406	241
406	264
406	295
406	339
406	360
406	364
406	377
406	385
406	415
406	418
406	450
406	452
406	472
406	477
406	488
406	492
406	500
406	536
406	548
406	558
406	562
406	567
407	9
407	16
407	18
407	36
407	63
407	94
407	106
407	172
407	210
407	238
407	251
407	257
407	274
407	319
407	379
407	382
407	389
407	410
407	414
408	69
409	339
409	470
409	543
410	389
410	407
411	218
411	245
411	249
411	332
412	42
412	240
412	292
412	401
412	549
412	551
413	117
413	123
413	447
413	528
414	200
415	41
415	76
415	104
415	209
415	212
415	241
415	264
415	295
415	339
415	360
415	364
415	377
415	385
415	406
415	418
415	450
415	452
415	472
415	477
415	488
415	492
415	500
415	558
415	562
415	567
416	52
416	370
416	441
417	11
417	66
417	88
417	130
417	160
417	161
417	168
417	196
417	233
417	271
417	272
417	277
417	376
417	464
417	506
418	41
418	76
418	104
418	209
418	212
418	241
418	264
418	295
418	339
418	360
418	364
418	377
418	385
418	406
418	415
418	450
418	452
418	472
418	477
418	488
418	492
418	500
418	558
418	562
418	567
419	113
419	199
420	107
420	170
420	178
420	211
420	218
420	238
420	245
420	260
420	345
420	405
420	411
420	490
420	523
420	549
421	260
422	105
422	260
423	78
424	60
424	137
424	150
424	168
424	259
425	22
425	45
425	52
425	215
425	219
425	246
425	287
425	293
425	305
425	466
425	470
425	485
425	501
425	543
425	545
426	215
426	239
427	481
428	8
428	84
428	91
428	162
428	391
428	534
429	545
430	225
431	139
432	83
432	213
432	283
433	6
433	35
433	39
433	49
433	64
433	67
433	77
433	97
433	98
433	135
433	159
433	171
433	198
433	235
433	284
433	302
433	312
433	324
433	328
433	331
433	336
433	383
433	390
433	396
433	397
433	446
433	478
433	489
433	515
433	537
434	52
434	93
434	112
434	144
434	260
434	378
434	501
434	516
435	438
436	93
436	154
436	260
436	317
436	357
436	391
437	20
437	32
437	93
437	144
437	211
437	246
437	271
437	307
437	327
437	330
437	545
437	549
438	54
438	59
438	240
438	332
438	344
438	435
438	549
439	192
439	221
439	532
440	39
441	3
441	102
441	153
441	168
441	173
441	211
441	241
441	246
441	273
441	285
441	305
441	307
441	313
441	326
441	415
441	416
441	450
441	470
441	501
441	562
441	567
442	75
442	128
442	196
442	233
442	272
442	305
442	470
443	335
444	367
445	273
446	35
446	39
446	49
446	61
446	64
446	77
446	98
446	117
446	135
446	171
446	198
446	229
446	235
446	284
446	309
446	312
446	324
446	328
446	331
446	336
446	366
446	390
446	396
446	397
446	433
446	456
446	489
446	537
447	6
447	13
447	46
447	49
447	67
447	97
447	98
447	171
447	193
447	198
447	235
447	284
447	288
447	312
447	328
447	331
447	336
447	337
447	390
447	396
447	397
447	413
447	433
447	537
448	21
449	117
450	41
450	76
450	104
450	209
450	212
450	241
450	264
450	295
450	339
450	360
450	364
450	377
450	385
450	406
450	415
450	418
450	452
450	472
450	477
450	488
450	492
450	500
450	558
450	562
450	567
451	56
451	208
451	237
451	299
451	310
452	41
452	76
452	104
452	209
452	212
452	241
452	264
452	295
452	339
452	360
452	364
452	377
452	385
452	406
452	415
452	418
452	450
452	472
452	477
452	488
452	492
452	500
452	558
452	562
452	567
453	54
453	175
453	322
453	332
453	362
454	56
455	4
455	85
455	115
455	138
455	174
455	194
455	252
455	473
455	510
455	552
456	14
456	20
456	44
456	50
456	95
456	98
456	99
456	110
456	118
456	160
456	161
456	192
456	201
456	206
456	230
456	246
456	260
456	273
456	281
456	291
456	293
456	341
456	346
456	351
456	353
456	361
456	402
456	417
456	459
456	463
456	470
456	513
456	543
456	557
456	566
457	6
457	35
457	39
457	49
457	64
457	67
457	97
457	135
457	171
457	198
457	229
457	235
457	284
457	302
457	312
457	328
457	331
457	336
457	350
457	383
457	396
457	433
457	446
457	478
457	487
457	489
457	537
458	25
458	184
458	195
458	199
458	310
459	367
460	66
460	187
460	197
460	228
460	260
460	456
461	175
461	398
462	58
463	134
464	44
464	71
464	88
464	130
464	161
464	196
464	226
464	228
464	233
464	260
464	277
464	300
464	305
464	353
464	403
464	417
464	506
465	471
465	548
466	260
467	367
468	154
468	156
468	290
468	321
469	320
470	50
470	52
470	88
470	93
470	110
470	122
470	129
470	137
470	219
470	272
470	305
470	353
470	377
470	385
470	402
470	513
470	522
470	523
470	564
470	566
471	465
472	41
472	76
472	104
472	209
472	212
472	264
472	295
472	339
472	360
472	364
472	377
472	385
472	415
472	418
472	452
472	477
472	492
472	500
472	558
472	567
473	330
474	30
474	124
474	228
474	535
475	59
475	108
476	441
476	479
477	41
477	76
477	104
477	209
477	212
477	241
477	264
477	295
477	339
477	360
477	364
477	377
477	385
477	406
477	415
477	418
477	450
477	452
477	472
477	488
477	492
477	500
477	558
477	562
477	567
478	6
478	35
478	39
478	49
478	64
478	159
478	202
478	235
478	302
478	309
478	312
478	324
478	331
478	365
478	383
478	433
478	457
478	489
478	537
479	476
479	538
480	174
481	52
481	87
481	95
481	233
481	287
481	482
481	543
482	187
482	300
482	481
483	24
484	128
485	45
485	115
485	143
486	228
486	260
487	6
487	27
487	39
487	49
487	64
487	67
487	97
487	98
487	135
487	152
487	170
487	191
487	193
487	198
487	202
487	229
487	235
487	284
487	302
487	309
487	312
487	324
487	328
487	336
487	337
487	390
487	393
487	397
487	413
487	433
487	446
487	449
487	457
487	478
487	537
488	41
488	76
488	104
488	209
488	212
488	241
488	264
488	295
488	339
488	360
488	364
488	377
488	385
488	415
488	418
488	450
488	452
488	472
488	477
488	492
488	500
488	558
488	562
488	567
489	6
489	35
489	39
489	49
489	61
489	64
489	67
489	97
489	171
489	193
489	235
489	284
489	302
489	312
489	324
489	390
489	397
489	433
489	457
489	478
490	70
490	170
490	178
490	356
490	420
490	555
491	260
491	384
492	41
492	76
492	104
492	209
492	212
492	241
492	264
492	295
492	339
492	360
492	364
492	377
492	385
492	406
492	415
492	418
492	450
492	452
492	472
492	477
492	488
492	500
492	558
492	562
492	567
493	34
493	54
493	175
493	345
494	6
494	24
494	413
494	528
495	70
495	189
495	265
495	322
495	342
495	356
495	493
496	27
496	39
496	49
496	64
496	67
496	77
496	97
496	135
496	171
496	193
496	198
496	229
496	235
496	279
496	284
496	302
496	312
496	324
496	328
496	331
496	336
496	365
496	370
496	390
496	396
496	397
496	433
496	446
496	478
496	489
496	504
496	537
497	1
497	218
497	249
497	332
497	565
498	117
499	10
500	41
500	76
500	104
500	209
500	212
500	241
500	264
500	295
500	339
500	360
500	364
500	377
500	385
500	406
500	415
500	418
500	450
500	452
500	472
500	477
500	488
500	492
500	558
500	562
500	567
501	52
501	112
501	301
501	378
501	434
501	516
502	93
502	129
502	307
502	470
503	70
503	72
503	189
503	211
503	322
503	342
503	345
503	347
503	469
503	490
503	554
503	555
504	95
504	180
504	225
504	317
505	177
506	58
506	196
506	260
506	367
506	376
506	417
506	464
507	44
507	52
507	161
507	330
507	441
508	52
508	479
509	34
509	54
509	175
509	332
509	345
509	549
510	451
511	226
512	238
512	260
512	479
513	52
513	66
513	73
513	93
513	110
513	160
513	173
513	188
513	206
513	402
513	417
513	456
513	470
513	522
513	545
513	564
514	69
514	354
515	39
515	61
515	67
515	77
515	97
515	135
515	171
515	193
515	198
515	235
515	279
515	284
515	302
515	312
515	324
515	328
515	331
515	336
515	383
515	390
515	433
515	446
515	489
516	52
516	66
516	96
516	260
516	367
516	378
516	434
516	501
516	504
517	161
518	1
518	52
518	103
518	121
518	147
518	207
518	218
518	263
518	282
518	332
518	467
518	480
518	497
518	527
518	535
518	565
519	209
519	360
520	211
520	260
521	110
521	260
521	326
521	367
522	470
522	513
523	54
523	103
523	111
523	155
523	218
523	228
523	263
523	287
523	332
523	420
523	470
524	425
525	15
525	62
525	199
525	213
525	267
525	283
525	316
525	368
525	387
525	526
526	199
526	239
526	426
526	525
527	111
528	37
529	260
530	24
530	68
530	81
531	238
532	439
533	260
534	8
534	17
534	52
534	260
535	124
535	260
535	474
536	354
537	346
537	397
538	479
539	519
540	60
540	160
540	211
540	233
540	307
540	349
540	378
540	402
540	470
540	479
541	228
542	549
543	5
543	75
543	92
543	93
543	110
543	160
543	161
543	176
543	211
543	228
543	236
543	260
543	271
543	378
544	161
544	456
544	545
545	50
545	80
545	111
545	137
545	161
545	168
545	226
545	228
545	233
545	305
545	307
545	330
545	339
545	353
545	402
545	437
545	460
545	470
545	513
545	543
545	544
545	557
546	242
546	481
547	54
547	175
548	318
548	375
548	404
548	406
548	449
548	465
548	483
549	42
549	59
549	76
549	100
549	160
549	161
549	173
549	205
549	211
549	228
549	240
549	246
549	271
549	349
549	361
549	377
549	412
549	437
549	509
549	542
549	551
550	52
550	93
550	149
551	38
551	59
551	127
551	240
551	401
551	412
551	549
552	4
552	85
553	7
554	54
554	87
554	189
554	322
554	503
555	40
555	70
555	189
555	211
555	322
555	332
555	342
555	347
555	356
555	469
555	490
555	503
556	4
557	176
557	260
558	41
558	76
558	104
558	209
558	212
558	241
558	264
558	295
558	339
558	360
558	364
558	377
558	385
558	406
558	415
558	418
558	450
558	452
558	472
558	477
558	488
558	492
558	500
558	562
558	567
559	367
560	72
561	39
561	64
561	67
561	77
561	97
561	98
561	135
561	171
561	193
561	198
561	229
561	235
561	284
561	302
561	312
561	324
561	328
561	331
561	336
561	365
561	390
561	397
561	433
561	478
562	41
562	76
562	104
562	209
562	212
562	241
562	264
562	295
562	339
562	360
562	364
562	377
562	385
562	406
562	415
562	418
562	450
562	452
562	472
562	477
562	488
562	492
562	500
562	558
562	567
563	90
564	73
564	110
564	321
564	353
564	470
564	513
565	1
565	192
565	207
565	211
565	218
565	245
565	263
565	270
565	332
565	349
565	384
565	420
565	480
565	497
565	518
566	54
566	219
566	470
567	41
567	76
567	104
567	209
567	212
567	241
567	264
567	295
567	339
567	360
567	364
567	377
567	385
567	406
567	415
567	418
567	450
567	452
567	472
567	477
567	488
567	492
567	500
567	558
567	562