1	329
1	939
2	255
2	738
3	54
4	96
4	939
5	738
6	238
6	464
6	631
6	701
6	765
6	880
6	885
7	939
8	595
8	733
9	120
9	166
9	184
9	223
9	285
9	317
9	320
9	457
9	504
9	506
9	509
9	544
9	557
9	597
9	694
9	742
9	744
9	784
10	57
10	63
10	107
10	122
10	239
10	289
10	321
10	367
10	393
10	401
10	406
10	478
10	547
10	602
10	611
10	646
10	675
10	811
10	903
10	908
10	924
11	145
11	367
11	823
12	360
12	760
13	104
13	105
13	149
13	179
13	298
13	301
13	360
13	415
13	446
13	508
13	565
13	628
13	701
13	735
13	737
13	809
14	54
14	406
14	515
14	663
15	472
15	531
16	611
17	889
18	9
19	168
19	922
20	352
20	744
21	99
21	121
21	167
21	326
21	487
21	548
21	573
21	701
21	809
21	854
21	893
22	2
22	52
22	65
22	129
22	152
22	172
22	252
22	267
22	268
22	378
22	546
22	587
22	752
22	756
22	775
22	799
22	825
22	869
23	96
23	142
23	266
23	324
23	351
23	411
23	427
23	572
23	621
23	678
23	701
23	829
24	25
24	34
24	148
24	187
24	241
24	291
24	326
24	346
24	350
24	360
24	410
24	427
24	432
24	446
24	510
24	511
24	549
24	565
24	583
24	632
24	640
24	651
24	701
24	731
24	740
24	750
24	768
24	822
24	853
24	893
25	24
25	40
25	61
25	101
25	105
25	121
25	148
25	149
25	154
25	178
25	188
25	201
25	210
25	220
25	224
25	232
25	250
25	260
25	274
25	301
25	308
25	346
25	350
25	356
25	361
25	372
25	380
25	423
25	437
25	446
25	464
25	479
25	487
25	491
25	509
25	526
25	541
25	565
25	570
25	583
25	615
25	628
25	632
25	637
25	643
25	646
25	650
25	712
25	731
25	740
25	768
25	777
25	804
25	806
25	809
25	825
25	853
25	861
25	866
25	871
25	892
25	905
25	915
25	931
26	36
26	61
26	159
26	360
26	564
26	714
27	217
27	270
27	565
28	43
28	76
28	183
28	572
28	670
28	783
28	837
28	856
29	160
29	377
29	443
29	456
29	467
29	535
29	567
29	679
29	719
29	740
29	813
29	845
29	856
29	874
29	887
30	360
31	354
31	374
31	817
32	351
33	79
34	24
34	279
34	463
34	502
34	597
34	645
35	232
36	26
36	81
36	93
36	99
36	102
36	104
36	108
36	148
36	187
36	209
36	241
36	250
36	274
36	291
36	308
36	326
36	337
36	360
36	363
36	410
36	432
36	446
36	447
36	509
36	526
36	533
36	549
36	565
36	572
36	606
36	611
36	628
36	643
36	660
36	701
36	716
36	735
36	737
36	740
36	746
36	776
36	777
36	780
36	804
36	808
36	824
36	826
36	893
36	905
36	909
36	927
37	93
37	111
37	185
37	193
37	287
37	308
37	341
37	354
37	399
37	453
37	460
37	511
37	532
37	542
37	630
37	631
37	676
37	721
37	722
37	731
37	741
37	780
37	808
37	822
37	826
37	842
37	927
38	738
39	306
39	367
39	872
40	61
40	360
40	701
40	804
41	771
42	402
42	906
43	903
44	246
45	79
45	117
46	540
47	261
47	401
47	406
47	478
47	547
47	602
47	635
47	646
47	683
47	811
47	832
47	855
47	908
47	924
48	366
48	467
49	196
49	738
49	937
50	140
50	392
51	298
51	471
51	572
51	702
52	255
53	738
54	114
54	427
54	693
54	701
54	777
54	917
55	557
55	823
56	39
56	42
56	63
56	64
56	107
56	120
56	122
56	186
56	197
56	239
56	261
56	277
56	288
56	306
56	317
56	321
56	333
56	406
56	440
56	468
56	478
56	524
56	602
56	646
56	720
56	749
56	908
56	921
56	924
57	109
57	611
57	701
58	61
58	124
58	214
58	611
58	770
58	881
58	891
59	622
59	738
59	809
60	333
60	561
60	611
60	647
61	13
61	25
61	26
61	36
61	40
61	58
61	78
61	86
61	90
61	93
61	99
61	101
61	102
61	104
61	105
61	106
61	109
61	110
61	124
61	136
61	148
61	149
61	167
61	174
61	187
61	219
61	220
61	235
61	241
61	250
61	265
61	267
61	271
61	291
61	301
61	308
61	326
61	345
61	356
61	372
61	384
61	390
61	396
61	403
61	410
61	417
61	423
61	446
61	447
61	461
61	479
61	502
61	508
61	526
61	549
61	560
61	565
61	570
61	573
61	581
61	583
61	593
61	606
61	628
61	639
61	643
61	654
61	657
61	660
61	672
61	686
61	688
61	689
61	701
61	715
61	730
61	731
61	735
61	737
61	738
61	740
61	758
61	768
61	770
61	801
61	804
61	807
61	809
61	825
61	828
61	836
61	842
61	848
61	853
61	866
61	869
61	875
61	877
61	879
61	890
61	892
61	893
61	905
61	915
61	917
61	922
61	927
61	931
62	514
63	54
63	64
63	122
63	231
63	239
63	261
63	301
63	321
63	406
63	478
63	490
63	509
63	547
63	626
63	635
63	646
63	749
63	801
63	814
63	903
63	924
64	63
64	122
64	490
64	924
65	392
65	450
65	498
65	925
66	764
67	230
67	539
67	911
67	944
68	109
68	298
68	411
68	714
68	911
69	917
70	566
71	34
71	114
71	281
71	306
71	355
71	365
71	451
71	463
71	502
71	526
71	646
71	680
71	838
72	96
72	521
72	738
72	942
73	43
73	107
73	122
73	286
73	394
73	406
73	478
73	547
73	602
73	811
73	903
74	96
74	911
74	939
75	329
75	738
75	873
76	253
76	618
76	849
77	557
78	61
78	88
78	90
78	101
78	446
78	487
78	657
78	701
78	715
78	740
78	807
78	848
78	917
79	113
79	141
79	177
79	238
79	327
79	357
79	427
79	513
79	535
79	655
79	709
79	740
79	808
79	826
80	85
80	416
80	656
81	36
81	360
81	701
82	738
83	149
83	447
84	462
85	80
85	293
85	338
85	464
85	487
85	540
85	656
85	672
85	748
86	61
86	484
86	804
87	199
87	235
87	342
88	78
88	101
88	106
88	132
88	149
88	345
88	447
88	464
88	570
88	672
88	735
88	737
88	915
89	149
89	250
89	404
89	479
89	904
90	61
90	78
90	99
90	101
90	102
90	104
90	121
90	219
90	220
90	301
90	312
90	326
90	390
90	415
90	526
90	549
90	573
90	632
90	637
90	701
90	712
90	716
90	731
90	740
90	745
90	807
90	853
90	877
90	893
90	931
91	13
91	61
91	68
91	99
91	105
91	109
91	121
91	132
91	133
91	149
91	167
91	178
91	219
91	250
91	260
91	301
91	303
91	326
91	337
91	349
91	358
91	372
91	404
91	415
91	447
91	451
91	479
91	485
91	546
91	565
91	570
91	573
91	581
91	688
91	737
91	745
91	747
91	752
91	758
91	869
91	875
91	877
91	904
91	931
92	276
92	414
92	601
93	6
93	12
93	36
93	61
93	79
93	102
93	138
93	250
93	326
93	427
93	437
93	549
93	611
93	639
93	677
93	701
93	738
93	750
94	351
94	374
94	474
94	482
94	644
94	738
95	251
95	624
95	736
96	118
96	190
96	259
96	503
96	608
96	690
96	944
97	54
97	301
97	597
97	777
98	160
99	21
99	36
99	61
99	90
99	101
99	102
99	149
99	187
99	232
99	235
99	250
99	301
99	326
99	399
99	410
99	446
99	487
99	526
99	549
99	565
99	570
99	573
99	628
99	639
99	654
99	672
99	701
99	716
99	731
99	735
99	737
99	740
99	804
99	807
99	809
99	825
99	848
99	853
99	888
99	893
99	931
100	61
100	93
100	109
100	110
100	121
100	149
100	219
100	235
100	250
100	260
100	298
100	349
100	356
100	432
100	447
100	487
100	526
100	573
100	620
100	688
100	735
100	752
100	835
100	904
100	922
101	78
101	109
101	124
101	136
101	149
101	187
101	250
101	301
101	326
101	345
101	349
101	356
101	372
101	446
101	508
101	524
101	637
101	654
101	657
101	731
101	735
101	807
101	836
101	853
101	877
101	893
101	901
102	36
102	61
102	90
102	326
102	427
102	446
102	549
102	628
102	716
102	731
102	735
102	737
102	740
102	804
102	877
102	893
102	917
103	253
104	13
104	36
104	61
104	90
104	109
104	121
104	149
104	178
104	250
104	260
104	301
104	415
104	523
104	565
104	573
104	606
104	628
104	632
104	640
104	688
104	701
104	716
104	731
104	735
104	737
104	738
104	740
104	809
104	853
104	877
104	917
105	13
105	25
105	61
105	91
105	93
105	149
105	167
105	219
105	241
105	337
105	415
105	446
105	542
105	565
105	570
105	611
105	628
105	688
105	731
105	735
105	737
105	740
105	781
105	809
105	848
105	853
105	877
105	893
105	915
106	124
106	301
106	319
106	326
106	345
106	735
106	737
106	768
106	770
106	788
106	804
106	807
106	825
106	922
107	509
108	36
108	427
108	684
108	701
108	738
109	26
109	54
109	57
109	61
109	68
109	83
109	91
109	93
109	99
109	100
109	101
109	104
109	132
109	149
109	178
109	187
109	192
109	201
109	219
109	235
109	250
109	260
109	267
109	301
109	326
109	343
109	345
109	346
109	349
109	358
109	365
109	373
109	390
109	396
109	403
109	410
109	415
109	432
109	446
109	447
109	451
109	485
109	491
109	494
109	496
109	526
109	529
109	534
109	541
109	549
109	565
109	570
109	573
109	593
109	626
109	628
109	633
109	639
109	646
109	654
109	657
109	686
109	688
109	689
109	691
109	712
109	716
109	731
109	735
109	737
109	740
109	758
109	781
109	804
109	807
109	825
109	842
109	848
109	877
109	884
109	888
109	890
109	901
109	904
109	905
109	917
109	922
110	61
110	356
110	487
110	573
110	634
110	922
111	319
112	105
112	146
112	220
112	252
112	312
112	460
112	790
112	932
113	79
113	96
113	227
114	54
114	611
115	175
116	9
116	66
116	145
116	221
116	223
116	285
116	288
116	431
116	544
116	682
116	728
116	772
116	784
117	45
117	165
117	576
118	96
118	678
118	738
119	634
120	145
120	239
120	299
120	441
120	463
120	505
120	519
121	21
121	25
121	90
121	100
121	104
121	132
121	149
121	301
121	326
121	349
121	356
121	358
121	409
121	437
121	446
121	487
121	573
121	620
121	657
121	714
121	716
121	893
121	922
122	63
122	64
122	73
122	490
122	509
123	579
124	58
124	61
124	101
124	106
124	360
124	715
124	738
125	37
125	93
125	354
125	374
125	380
125	511
125	630
125	631
125	741
126	2
126	41
126	350
126	381
126	475
126	538
126	615
126	661
127	271
127	298
127	447
127	486
127	534
127	605
127	634
127	662
127	712
127	737
128	563
128	896
129	649
130	94
130	96
130	411
130	939
131	360
131	701
132	349
132	745
132	877
132	901
133	611
134	556
134	591
135	433
136	79
136	99
136	101
136	149
136	301
136	326
136	345
136	526
136	548
136	549
136	560
136	628
136	643
136	724
136	731
136	735
136	737
136	768
136	804
136	848
136	888
136	915
136	931
137	917
138	79
138	232
138	238
139	611
140	50
141	51
141	79
141	342
141	750
141	817
142	917
143	89
143	149
143	250
143	356
143	409
143	411
143	479
143	646
143	647
143	745
143	747
143	752
143	931
144	427
145	120
145	320
145	501
145	505
145	883
146	51
146	198
146	204
147	360
147	824
148	24
148	36
148	61
148	182
148	326
148	360
148	427
148	446
148	555
148	740
149	13
149	21
149	25
149	40
149	54
149	68
149	90
149	91
149	99
149	100
149	101
149	104
149	105
149	109
149	121
149	132
149	133
149	136
149	143
149	144
149	159
149	167
149	173
149	174
149	178
149	187
149	188
149	195
149	201
149	219
149	228
149	235
149	237
149	242
149	245
149	250
149	260
149	301
149	303
149	312
149	326
149	335
149	337
149	343
149	345
149	349
149	350
149	358
149	372
149	384
149	403
149	404
149	415
149	417
149	429
149	432
149	437
149	446
149	447
149	450
149	451
149	473
149	479
149	485
149	487
149	494
149	496
149	508
149	511
149	525
149	526
149	541
149	546
149	549
149	565
149	570
149	573
149	581
149	620
149	628
149	632
149	633
149	638
149	639
149	646
149	654
149	657
149	661
149	672
149	688
149	691
149	700
149	712
149	715
149	731
149	735
149	737
149	740
149	741
149	745
149	747
149	749
149	752
149	758
149	781
149	796
149	803
149	804
149	805
149	807
149	810
149	825
149	848
149	866
149	867
149	869
149	875
149	877
149	888
149	890
149	893
149	904
149	905
149	918
149	922
149	931
150	823
151	245
152	237
152	271
152	447
152	623
152	712
153	738
154	25
154	570
154	735
155	298
155	385
155	605
155	623
155	634
155	669
155	712
156	227
157	360
158	329
159	21
159	26
159	68
159	93
159	99
159	101
159	105
159	136
159	147
159	167
159	168
159	174
159	176
159	187
159	192
159	195
159	199
159	235
159	237
159	245
159	250
159	291
159	301
159	326
159	331
159	349
159	353
159	372
159	380
159	399
159	405
159	410
159	432
159	449
159	451
159	464
159	479
159	511
159	533
159	542
159	548
159	549
159	581
159	593
159	620
159	627
159	628
159	633
159	640
159	654
159	657
159	688
159	695
159	714
159	716
159	724
159	731
159	735
159	737
159	740
159	750
159	752
159	781
159	804
159	808
159	809
159	826
159	842
159	848
159	854
159	862
159	888
159	893
159	905
159	909
159	919
159	927
160	98
160	738
160	740
161	163
161	285
162	438
162	448
162	469
162	625
163	161
164	132
164	285
164	478
164	505
164	599
164	772
164	784
164	868
165	175
165	179
165	262
165	311
165	376
165	427
165	574
165	692
165	712
165	764
165	779
166	557
167	21
167	90
167	91
167	93
167	99
167	101
167	105
167	136
167	149
167	159
167	176
167	250
167	291
167	301
167	319
167	446
167	447
167	464
167	487
167	548
167	565
167	573
167	609
167	628
167	640
167	672
167	716
167	724
167	731
167	735
167	740
167	770
167	804
167	809
167	822
167	825
167	842
167	848
167	862
167	893
167	919
167	931
168	13
168	19
168	21
168	24
168	25
168	36
168	40
168	54
168	57
168	59
168	61
168	68
168	78
168	83
168	86
168	90
168	93
168	97
168	99
168	100
168	101
168	105
168	106
168	110
168	111
168	114
168	121
168	132
168	136
168	143
168	144
168	148
168	149
168	159
168	167
168	178
168	182
168	183
168	187
168	192
168	195
168	201
168	219
168	220
168	224
168	228
168	229
168	232
168	235
168	237
168	241
168	245
168	250
168	251
168	260
168	267
168	291
168	295
168	298
168	301
168	303
168	318
168	319
168	326
168	330
168	331
168	337
168	346
168	348
168	350
168	353
168	356
168	363
168	365
168	368
168	372
168	380
168	382
168	390
168	399
168	403
168	404
168	410
168	423
168	425
168	429
168	432
168	446
168	449
168	451
168	453
168	463
168	464
168	473
168	480
168	484
168	487
168	491
168	502
168	507
168	508
168	526
168	533
168	534
168	543
168	546
168	548
168	555
168	560
168	562
168	565
168	570
168	573
168	581
168	592
168	593
168	597
168	603
168	609
168	615
168	619
168	620
168	622
168	627
168	628
168	632
168	633
168	634
168	637
168	639
168	640
168	641
168	646
168	647
168	651
168	657
168	659
168	660
168	661
168	665
168	672
168	676
168	686
168	700
168	712
168	714
168	724
168	730
168	731
168	735
168	737
168	740
168	747
168	749
168	752
168	755
168	758
168	762
168	763
168	768
168	770
168	779
168	788
168	796
168	797
168	798
168	801
168	804
168	805
168	806
168	808
168	809
168	810
168	824
168	825
168	828
168	838
168	842
168	848
168	853
168	854
168	866
168	869
168	871
168	875
168	884
168	888
168	890
168	893
168	897
168	899
168	901
168	904
168	905
168	915
168	919
168	922
168	924
168	927
168	931
169	349
170	445
171	420
171	746
172	255
172	356
172	611
172	738
173	54
173	57
173	71
173	114
173	132
173	187
173	239
173	249
173	250
173	279
173	356
173	365
173	396
173	404
173	439
173	447
173	463
173	481
173	597
173	638
173	639
173	646
173	647
173	653
173	664
173	686
173	689
173	737
173	749
173	848
173	869
173	924
174	12
174	21
174	61
174	99
174	101
174	149
174	159
174	201
174	220
174	235
174	245
174	250
174	291
174	301
174	326
174	380
174	399
174	446
174	450
174	463
174	464
174	526
174	549
174	560
174	565
174	628
174	643
174	688
174	689
174	730
174	731
174	734
174	735
174	737
174	740
174	804
174	809
174	825
174	828
174	842
174	888
174	890
174	893
174	901
174	919
174	931
175	115
175	165
175	232
175	662
176	21
176	61
176	159
176	167
176	447
176	548
176	731
176	735
177	79
178	91
178	104
178	179
178	244
178	549
178	701
178	893
179	13
179	165
179	178
179	220
179	298
179	351
179	356
179	471
179	494
179	572
179	665
179	738
179	779
179	884
179	890
180	230
180	329
180	455
180	678
180	939
181	9
182	148
182	555
183	28
184	9
184	213
184	578
184	636
185	79
185	701
185	716
186	9
186	60
186	107
186	203
186	239
186	261
186	321
186	393
186	394
186	401
186	404
186	406
186	478
186	483
186	524
186	547
186	551
186	635
186	646
186	749
186	811
186	818
186	855
186	889
186	903
186	908
186	924
187	24
187	36
187	61
187	149
187	151
187	220
187	241
187	250
187	301
187	326
187	360
187	446
187	549
187	572
187	660
187	695
187	701
187	716
187	735
187	737
187	738
187	740
187	804
187	853
187	893
187	917
188	877
188	893
189	36
189	177
189	314
189	330
189	374
189	427
189	493
189	513
189	709
189	765
189	851
189	898
190	96
191	452
191	611
191	667
191	840
191	946
192	99
192	109
192	159
192	220
192	250
192	291
192	508
192	526
192	565
192	573
192	628
192	632
192	654
192	657
192	672
192	715
192	740
192	825
192	848
192	890
192	905
192	919
192	931
193	255
193	611
194	554
194	727
194	786
194	896
195	714
196	49
197	107
197	370
197	478
197	547
197	602
197	653
197	720
198	146
199	87
200	828
201	536
201	664
202	414
203	435
203	509
203	701
204	112
204	146
204	453
204	460
205	230
205	738
205	911
206	96
206	430
206	434
206	455
206	514
206	738
207	9
207	727
208	917
209	36
209	611
209	701
210	526
210	844
210	929
211	470
212	823
213	161
213	184
213	227
213	285
213	288
213	347
213	528
213	537
213	578
213	725
214	58
214	403
214	488
214	648
214	649
214	864
215	46
215	234
215	510
215	540
216	300
216	550
216	637
217	27
218	738
219	90
219	91
219	105
219	109
219	343
219	349
219	415
219	417
219	427
219	446
219	494
219	581
219	628
219	632
219	712
219	877
220	25
220	61
220	90
220	179
220	185
220	187
220	260
220	310
220	326
220	346
220	353
220	360
220	399
220	461
220	496
220	526
220	533
220	549
220	565
220	606
220	632
220	691
220	701
220	735
220	740
220	763
220	828
220	888
220	893
220	931
221	753
222	255
223	9
223	636
224	25
224	487
224	738
225	213
225	299
225	528
225	920
226	21
226	31
226	37
226	47
226	81
226	93
226	111
226	141
226	233
226	287
226	315
226	321
226	330
226	439
226	464
226	510
226	511
226	542
226	596
226	631
226	635
226	647
226	653
226	722
226	837
226	919
226	943
227	113
227	156
227	223
227	285
227	304
227	317
227	386
227	422
227	477
227	558
227	613
227	666
227	680
227	718
227	723
227	764
228	149
228	195
228	250
228	319
228	356
228	404
228	447
228	632
228	825
228	904
229	351
230	1
230	67
230	158
230	180
230	205
230	263
230	302
230	444
230	488
230	517
230	588
230	658
230	671
230	685
230	699
230	705
230	706
230	858
230	878
231	63
231	173
231	235
231	239
231	396
231	404
231	463
231	509
231	529
231	626
231	638
231	646
231	653
231	664
231	680
231	686
231	689
231	737
231	811
231	814
231	924
232	35
232	36
232	61
232	79
232	109
232	138
232	175
232	187
232	189
232	269
232	270
232	326
232	344
232	374
232	380
232	387
232	517
232	542
232	549
232	565
232	572
232	624
232	643
232	649
232	654
232	690
232	695
232	697
232	701
232	705
232	731
232	737
232	740
232	750
232	808
232	809
232	826
232	853
232	877
232	885
232	912
232	931
232	944
233	21
233	93
233	111
233	139
233	141
233	147
233	226
233	464
233	651
233	750
234	338
234	540
234	748
235	26
235	61
235	87
235	199
235	218
235	250
235	301
235	308
235	319
235	326
235	342
235	349
235	360
235	464
235	526
235	628
235	701
235	716
235	735
235	763
235	825
235	861
235	862
236	738
237	132
237	149
237	178
237	250
237	252
237	271
237	298
237	349
237	356
237	376
237	392
237	426
237	447
237	570
237	572
237	581
237	583
237	605
237	662
237	712
237	758
237	804
237	855
237	867
237	875
237	884
237	901
237	904
237	931
238	79
238	360
238	933
238	942
239	120
239	285
239	365
239	505
239	557
239	646
239	811
239	823
239	883
240	119
240	127
240	152
240	175
240	252
240	271
240	298
240	311
240	376
240	385
240	426
240	447
240	473
240	480
240	486
240	526
240	534
240	543
240	582
240	605
240	623
240	634
240	635
240	662
240	700
240	712
240	737
240	740
240	754
240	779
240	844
240	855
240	884
240	899
240	904
241	24
241	36
241	61
241	187
241	265
241	326
241	360
241	404
241	446
241	496
241	701
241	740
241	763
241	783
241	809
241	905
242	701
242	738
243	94
243	738
243	944
244	178
245	13
245	18
245	22
245	24
245	34
245	36
245	41
245	54
245	57
245	59
245	61
245	68
245	83
245	85
245	89
245	90
245	93
245	97
245	99
245	100
245	101
245	105
245	108
245	114
245	117
245	121
245	122
245	132
245	136
245	143
245	144
245	147
245	149
245	151
245	159
245	167
245	168
245	169
245	173
245	174
245	178
245	182
245	183
245	187
245	192
245	195
245	199
245	201
245	218
245	219
245	228
245	229
245	235
245	237
245	241
245	242
245	250
245	260
245	267
245	274
245	291
245	293
245	295
245	301
245	303
245	308
245	312
245	318
245	319
245	326
245	331
245	336
245	337
245	343
245	346
245	349
245	356
245	361
245	368
245	372
245	380
245	387
245	390
245	399
245	403
245	404
245	407
245	409
245	410
245	417
245	423
245	426
245	432
245	439
245	449
245	451
245	453
245	463
245	473
245	485
245	491
245	494
245	496
245	499
245	508
245	511
245	524
245	526
245	533
245	543
245	546
245	548
245	555
245	560
245	565
245	570
245	572
245	573
245	581
245	582
245	583
245	592
245	593
245	597
245	603
245	609
245	619
245	620
245	626
245	627
245	628
245	632
245	634
245	635
245	639
245	640
245	646
245	651
245	653
245	656
245	657
245	659
245	660
245	672
245	680
245	686
245	688
245	689
245	691
245	695
245	700
245	714
245	724
245	730
245	731
245	735
245	740
245	745
245	746
245	747
245	749
245	752
245	754
245	755
245	759
245	768
245	770
245	777
245	779
245	788
245	796
245	801
245	803
245	804
245	805
245	806
245	808
245	809
245	810
245	816
245	822
245	825
245	828
245	848
245	866
245	867
245	869
245	871
245	875
245	884
245	886
245	888
245	890
245	897
245	899
245	901
245	904
245	905
245	919
245	925
245	927
245	928
245	929
245	931
245	932
246	44
246	847
247	11
247	261
247	457
247	489
247	509
247	554
247	629
247	707
247	729
247	811
247	834
247	903
248	337
248	427
249	585
249	872
250	36
250	91
250	99
250	101
250	104
250	109
250	149
250	159
250	168
250	187
250	192
250	301
250	326
250	345
250	349
250	356
250	360
250	415
250	446
250	451
250	487
250	508
250	526
250	549
250	560
250	573
250	581
250	637
250	639
250	654
250	657
250	688
250	701
250	712
250	731
250	735
250	737
250	738
250	758
250	807
250	825
250	836
250	848
250	853
250	869
250	877
250	884
250	890
250	893
250	901
250	905
250	915
250	918
251	95
251	223
251	611
251	736
252	8
252	351
252	412
252	611
252	652
252	738
253	12
253	70
253	76
253	103
253	211
253	265
253	278
253	521
253	733
253	894
253	916
254	239
254	902
255	2
255	193
255	222
255	459
255	775
255	800
255	864
255	938
256	9
257	557
258	365
258	463
259	198
259	447
259	815
260	104
260	109
260	701
260	738
261	9
261	254
261	367
262	165
262	411
262	634
262	712
263	94
263	96
263	230
263	455
263	539
263	738
263	911
264	488
265	61
265	241
265	360
265	701
266	512
267	61
267	104
267	105
267	109
267	121
267	132
267	133
267	149
267	167
267	201
267	219
267	220
267	237
267	241
267	250
267	298
267	301
267	319
267	343
267	349
267	372
267	399
267	417
267	446
267	447
267	494
267	509
267	511
267	526
267	549
267	565
267	570
267	571
267	573
267	632
267	639
267	661
267	672
267	712
267	735
267	737
267	740
267	749
267	758
267	804
267	805
267	842
267	901
267	904
267	931
268	26
269	930
270	27
270	117
270	232
270	398
270	404
270	427
270	450
270	572
270	646
270	719
270	787
270	893
271	61
271	385
271	712
272	9
272	120
272	261
272	317
272	478
272	856
273	19
273	54
273	57
273	61
273	68
273	107
273	109
273	114
273	173
273	178
273	187
273	201
273	203
273	229
273	250
273	365
273	393
273	395
273	396
273	404
273	406
273	424
273	432
273	439
273	463
273	481
273	529
273	536
273	537
273	549
273	561
273	572
273	590
273	597
273	602
273	635
273	639
273	645
273	646
273	647
273	650
273	653
273	664
273	680
273	683
273	686
273	689
273	701
273	711
273	713
273	726
273	737
273	740
273	749
273	758
273	804
273	805
273	811
273	816
273	825
273	834
273	877
273	890
273	901
273	915
273	917
273	924
273	927
273	931
274	36
274	360
274	611
274	701
275	306
276	92
276	823
277	910
278	298
279	34
279	292
279	365
279	396
279	463
279	502
279	509
279	597
279	638
279	645
279	664
279	816
279	866
280	333
280	674
281	9
281	71
281	275
281	306
282	749
283	434
283	514
283	738
284	66
284	120
284	202
284	239
284	276
284	288
284	414
284	458
284	504
284	728
284	772
284	784
284	819
284	883
285	161
285	239
285	649
286	771
287	37
287	93
287	238
287	314
287	354
287	374
287	511
287	628
287	630
287	631
287	637
287	721
287	780
287	880
287	943
288	725
289	734
289	738
290	576
291	36
291	61
291	241
291	326
291	427
291	446
291	487
291	654
291	701
291	731
291	735
291	740
291	809
292	895
293	45
294	96
294	329
294	939
295	13
295	16
295	17
295	19
295	21
295	22
295	25
295	26
295	34
295	36
295	40
295	54
295	57
295	58
295	59
295	60
295	61
295	63
295	68
295	81
295	82
295	86
295	89
295	90
295	93
295	99
295	100
295	101
295	104
295	110
295	111
295	121
295	124
295	132
295	133
295	136
295	143
295	144
295	147
295	149
295	151
295	152
295	153
295	154
295	159
295	167
295	168
295	172
295	178
295	179
295	183
295	185
295	187
295	188
295	195
295	201
295	203
295	210
295	214
295	218
295	219
295	220
295	224
295	228
295	235
295	236
295	237
295	239
295	241
295	242
295	245
295	250
295	252
295	259
295	260
295	262
295	267
295	271
295	274
295	279
295	282
295	291
295	293
295	298
295	303
295	307
295	308
295	310
295	312
295	318
295	319
295	326
295	330
295	331
295	337
295	340
295	346
295	348
295	349
295	350
295	356
295	361
295	363
295	365
295	368
295	372
295	373
295	378
295	379
295	380
295	381
295	382
295	390
295	396
295	399
295	403
295	404
295	405
295	407
295	409
295	410
295	415
295	417
295	423
295	425
295	432
295	437
295	439
295	453
295	461
295	463
295	464
295	470
295	473
295	479
295	481
295	485
295	487
295	491
295	494
295	500
295	507
295	508
295	511
295	516
295	523
295	524
295	525
295	526
295	529
295	533
295	534
295	541
295	542
295	543
295	546
295	549
295	553
295	560
295	562
295	566
295	570
295	571
295	572
295	573
295	574
295	579
295	581
295	582
295	589
295	592
295	593
295	603
295	605
295	607
295	609
295	615
295	619
295	622
295	623
295	626
295	627
295	628
295	630
295	632
295	635
295	637
295	638
295	639
295	640
295	641
295	645
295	646
295	647
295	651
295	653
295	659
295	661
295	664
295	672
295	686
295	688
295	689
295	691
295	698
295	700
295	704
295	712
295	714
295	719
295	724
295	730
295	731
295	734
295	735
295	737
295	740
295	741
295	749
295	752
295	755
295	757
295	759
295	766
295	768
295	773
295	775
295	794
295	796
295	798
295	801
295	803
295	804
295	805
295	806
295	809
295	810
295	811
295	816
295	821
295	822
295	824
295	825
295	839
295	842
295	844
295	848
295	854
295	855
295	861
295	866
295	867
295	869
295	871
295	875
295	876
295	879
295	882
295	886
295	888
295	890
295	897
295	899
295	900
295	901
295	904
295	905
295	909
295	914
295	915
295	919
295	922
295	924
295	925
295	928
295	929
295	931
295	932
296	669
296	771
297	705
298	100
298	127
298	155
298	168
298	179
298	237
298	262
298	349
298	486
298	534
298	572
298	605
298	634
298	701
298	712
298	735
298	740
298	789
298	884
299	458
299	785
300	216
300	454
301	13
301	93
301	99
301	101
301	102
301	104
301	105
301	106
301	109
301	121
301	136
301	149
301	167
301	187
301	235
301	250
301	345
301	404
301	446
301	487
301	508
301	526
301	548
301	573
301	628
301	634
301	654
301	657
301	701
301	716
301	731
301	735
301	737
301	740
301	758
301	770
301	801
301	804
301	809
301	825
301	848
301	853
301	877
301	888
302	94
302	96
302	230
302	442
302	738
303	61
303	149
303	738
304	557
304	823
305	329
305	911
306	275
306	281
307	738
308	36
308	61
308	701
309	718
310	220
311	165
311	623
312	112
312	204
312	427
312	453
312	611
312	738
313	94
313	96
314	189
314	940
315	422
315	540
315	656
316	218
316	416
316	738
317	299
317	557
317	903
318	176
319	106
319	301
319	446
319	487
319	804
319	901
320	145
321	186
321	406
321	635
321	908
322	738
323	758
323	856
324	435
324	521
324	910
325	375
325	452
325	667
325	840
325	946
326	21
326	24
326	36
326	90
326	91
326	93
326	99
326	101
326	102
326	106
326	109
326	121
326	136
326	148
326	149
326	174
326	187
326	220
326	235
326	241
326	250
326	291
326	345
326	349
326	384
326	446
326	464
326	471
326	487
326	526
326	549
326	565
326	572
326	573
326	628
326	632
326	639
326	654
326	657
326	660
326	688
326	701
326	716
326	731
326	735
326	737
326	740
326	770
326	779
326	804
326	807
326	809
326	825
326	836
326	842
326	848
326	853
326	877
326	888
326	890
326	892
326	893
326	917
326	927
327	79
328	66
328	116
328	150
328	202
328	213
328	223
328	261
328	284
328	288
328	317
328	352
328	457
328	477
328	501
328	505
328	506
328	537
328	544
328	590
328	680
328	713
328	718
328	729
328	744
328	764
328	784
328	827
329	305
329	344
329	418
329	466
329	522
329	559
329	673
329	761
329	778
329	830
329	926
330	701
330	942
331	301
331	657
331	738
332	66
332	77
332	276
332	285
332	288
332	772
332	784
333	60
333	561
333	647
334	422
334	585
335	183
335	396
335	525
335	929
336	136
336	360
336	549
336	828
336	893
337	36
337	91
338	79
338	85
338	611
339	42
339	683
340	611
340	776
341	217
341	618
341	694
342	199
342	218
342	235
342	750
342	854
343	219
343	349
343	360
343	427
343	494
343	701
343	877
343	904
344	62
344	329
344	678
344	738
344	792
345	24
345	88
345	100
345	101
345	106
345	109
345	132
345	136
345	148
345	149
345	187
345	201
345	219
345	232
345	241
345	250
345	298
345	301
345	326
345	343
345	349
345	356
345	403
345	404
345	415
345	446
345	447
345	464
345	485
345	494
345	526
345	533
345	534
345	565
345	570
345	572
345	628
345	654
345	688
345	715
345	716
345	731
345	735
345	737
345	740
345	763
345	773
345	781
345	804
345	807
345	836
345	848
345	875
345	877
345	890
345	901
345	922
346	109
346	611
346	734
346	931
347	320
348	575
348	731
349	13
349	91
349	100
349	101
349	105
349	109
349	121
349	132
349	136
349	159
349	169
349	219
349	235
349	241
349	250
349	267
349	298
349	326
349	343
349	345
349	358
349	372
349	415
349	417
349	446
349	484
349	494
349	496
349	511
349	526
349	546
349	549
349	565
349	570
349	573
349	620
349	654
349	691
349	712
349	716
349	731
349	735
349	737
349	740
349	758
349	781
349	805
349	807
349	869
349	877
349	882
349	901
349	904
350	738
351	12
351	32
351	94
351	165
351	175
351	179
351	229
351	237
351	252
351	262
351	271
351	274
351	298
351	360
351	372
351	376
351	410
351	473
351	484
351	500
351	526
351	532
351	562
351	579
351	582
351	595
351	605
351	623
351	628
351	632
351	712
351	754
351	758
351	762
351	763
351	764
351	802
351	875
351	904
351	937
352	557
352	823
353	356
354	31
354	37
354	125
354	147
354	287
354	314
354	387
354	464
354	511
354	513
354	542
354	630
354	631
354	721
354	735
354	750
354	909
354	943
355	611
355	714
356	61
356	100
356	101
356	121
356	179
356	228
356	250
356	509
356	530
356	541
356	695
356	735
356	828
356	875
357	79
357	911
357	939
358	105
358	109
358	121
358	149
358	201
358	250
358	349
358	404
358	415
358	451
358	487
358	491
358	511
358	541
358	570
358	581
358	737
358	745
358	747
358	869
358	877
358	931
359	96
359	521
360	12
360	13
360	24
360	26
360	30
360	36
360	40
360	61
360	81
360	90
360	99
360	104
360	108
360	124
360	131
360	147
360	148
360	157
360	179
360	187
360	220
360	235
360	238
360	241
360	250
360	265
360	273
360	274
360	291
360	301
360	308
360	326
360	330
360	336
360	337
360	343
360	351
360	363
360	380
360	384
360	387
360	395
360	410
360	411
360	446
360	484
360	494
360	509
360	511
360	512
360	526
360	533
360	549
360	572
360	606
360	628
360	632
360	640
360	643
360	654
360	660
360	688
360	701
360	716
360	731
360	735
360	737
360	738
360	740
360	762
360	763
360	766
360	773
360	804
360	808
360	826
360	853
360	861
360	875
360	886
360	893
360	917
360	927
360	933
361	25
361	611
362	9
363	36
363	360
363	611
363	701
363	740
364	414
365	34
365	54
365	71
365	105
365	109
365	227
365	239
365	279
365	299
365	378
365	447
365	463
365	465
365	502
365	526
365	529
365	536
365	557
365	597
365	626
365	627
365	646
365	647
365	664
365	686
365	767
365	816
365	823
365	882
365	883
366	48
366	484
367	261
368	509
369	738
369	911
370	9
370	452
370	667
370	840
370	934
371	446
371	701
372	19
372	21
372	25
372	54
372	61
372	68
372	86
372	90
372	91
372	93
372	101
372	105
372	115
372	124
372	132
372	133
372	149
372	154
372	159
372	178
372	187
372	188
372	219
372	231
372	232
372	235
372	241
372	250
372	260
372	267
372	271
372	298
372	301
372	319
372	336
372	346
372	349
372	350
372	361
372	381
372	399
372	415
372	432
372	447
372	451
372	464
372	485
372	491
372	524
372	526
372	565
372	570
372	572
372	573
372	581
372	583
372	615
372	622
372	626
372	628
372	632
372	639
372	646
372	647
372	657
372	664
372	686
372	689
372	716
372	724
372	730
372	731
372	735
372	737
372	740
372	758
372	768
372	779
372	788
372	789
372	801
372	802
372	804
372	816
372	822
372	825
372	842
372	848
372	852
372	853
372	861
372	866
372	869
372	890
372	893
372	905
372	915
372	919
372	922
373	356
374	94
375	452
375	667
375	840
375	946
376	165
376	351
376	411
377	738
378	823
379	738
380	575
380	740
380	877
381	126
382	603
382	738
383	9
383	184
383	288
383	723
384	149
384	326
384	654
384	701
384	807
384	836
385	119
385	155
385	252
385	271
385	298
385	486
385	572
385	605
385	623
385	634
385	884
386	823
387	360
387	701
388	434
388	738
389	651
390	61
390	109
390	446
390	509
390	526
390	632
390	853
391	881
392	50
392	65
392	498
392	595
393	34
393	43
393	54
393	57
393	64
393	107
393	201
393	203
393	229
393	239
393	261
393	282
393	286
393	367
393	401
393	406
393	547
393	562
393	590
393	611
393	635
393	639
393	664
393	675
393	689
393	747
393	749
393	801
393	811
393	889
393	903
393	921
393	924
394	478
395	360
395	509
395	611
395	701
395	777
395	917
396	109
396	446
396	735
396	749
396	917
397	96
397	411
397	939
398	270
398	433
398	687
398	870
399	218
399	220
399	716
399	738
399	888
400	687
401	547
401	602
401	646
401	749
401	811
402	325
402	370
402	375
402	840
402	934
402	946
403	109
403	345
403	508
403	581
403	715
403	737
403	807
403	836
403	877
404	21
404	91
404	121
404	149
404	241
404	301
404	345
404	356
404	399
404	437
404	487
404	526
404	549
404	560
404	573
404	597
404	632
404	646
404	647
404	688
404	716
404	737
404	745
404	877
404	904
404	922
404	931
405	919
406	683
407	611
408	213
409	100
409	101
409	121
409	143
409	149
409	252
409	271
409	356
409	372
409	415
409	432
409	546
409	646
409	712
409	735
409	738
409	752
410	24
410	36
410	61
410	351
410	360
410	446
410	701
411	68
411	143
411	175
411	179
411	262
411	271
411	298
411	360
411	371
411	376
411	426
411	500
411	530
411	534
411	579
411	692
411	754
411	762
411	764
411	779
411	804
411	937
412	252
413	367
414	92
414	202
414	364
414	458
414	557
415	13
415	40
415	61
415	68
415	89
415	90
415	91
415	101
415	104
415	105
415	109
415	110
415	121
415	136
415	149
415	167
415	178
415	188
415	219
415	235
415	241
415	250
415	301
415	345
415	349
415	356
415	358
415	372
415	380
415	429
415	432
415	437
415	446
415	447
415	479
415	484
415	485
415	511
415	526
415	546
415	549
415	560
415	565
415	570
415	573
415	581
415	597
415	630
415	632
415	665
415	712
415	716
415	731
415	735
415	737
415	740
415	768
415	779
415	788
415	804
415	807
415	842
415	848
415	877
415	893
415	904
415	918
416	316
417	61
417	669
417	735
418	329
418	738
419	12
420	171
420	719
421	11
421	63
421	64
421	107
421	122
421	150
421	203
421	239
421	282
421	285
421	286
421	288
421	289
421	367
421	393
421	394
421	401
421	406
421	424
421	490
421	515
421	547
421	602
421	646
421	668
421	675
421	720
421	805
421	811
421	814
421	818
421	869
421	903
421	908
421	924
422	77
422	116
422	347
422	505
422	764
422	769
423	61
424	509
424	727
424	823
425	611
425	738
426	572
427	21
427	24
427	25
427	36
427	40
427	54
427	57
427	58
427	68
427	79
427	81
427	86
427	90
427	91
427	93
427	99
427	101
427	102
427	104
427	108
427	109
427	124
427	132
427	136
427	144
427	148
427	149
427	165
427	167
427	174
427	178
427	179
427	187
427	195
427	219
427	220
427	235
427	238
427	241
427	248
427	250
427	260
427	262
427	270
427	291
427	308
427	312
427	326
427	330
427	336
427	343
427	345
427	358
427	372
427	380
427	396
427	403
427	404
427	410
427	432
427	437
427	439
427	446
427	461
427	471
427	484
427	487
427	491
427	494
427	496
427	508
427	526
427	533
427	560
427	565
427	570
427	572
427	573
427	606
427	628
427	632
427	637
427	639
427	640
427	643
427	654
427	660
427	689
427	691
427	695
427	701
427	715
427	730
427	731
427	735
427	737
427	740
427	750
427	762
427	773
427	798
427	801
427	804
427	807
427	809
427	810
427	816
427	821
427	825
427	836
427	848
427	853
427	861
427	867
427	871
427	877
427	884
427	888
427	890
427	892
427	893
427	909
427	917
427	927
427	931
428	823
429	91
429	132
429	149
429	168
429	250
429	301
429	319
429	382
429	415
429	451
429	507
429	546
429	549
429	620
429	762
430	51
431	823
432	36
432	611
432	917
433	27
433	135
433	398
433	717
434	738
435	96
435	160
435	194
435	324
435	355
435	554
435	786
435	873
436	15
436	66
436	92
436	128
436	145
436	150
436	156
436	163
436	166
436	181
436	184
436	223
436	285
436	288
436	304
436	317
436	329
436	383
436	408
436	424
436	431
436	492
436	505
436	518
436	528
436	537
436	552
436	554
436	558
436	559
436	613
436	713
436	723
436	725
436	764
436	772
436	784
436	827
436	864
436	896
436	926
436	941
437	415
437	427
437	496
437	573
437	877
438	162
438	448
438	469
438	625
438	832
439	54
439	79
439	882
440	191
440	906
440	946
441	120
442	493
442	738
443	94
443	96
443	911
443	939
443	942
444	96
444	165
444	230
444	539
444	765
444	873
445	170
445	891
446	13
446	24
446	25
446	36
446	78
446	93
446	99
446	101
446	102
446	105
446	109
446	148
446	149
446	174
446	187
446	201
446	219
446	241
446	250
446	267
446	291
446	301
446	319
446	326
446	345
446	349
446	360
446	371
446	390
446	396
446	410
446	464
446	471
446	509
446	526
446	549
446	565
446	628
446	632
446	639
446	657
446	701
446	716
446	731
446	735
446	737
446	740
446	770
446	779
446	801
446	804
446	825
446	828
446	848
446	871
446	877
446	893
446	901
446	905
446	915
446	919
447	13
447	36
447	83
447	90
447	91
447	105
447	109
447	127
447	149
447	152
447	167
447	175
447	267
447	271
447	298
447	337
447	356
447	439
447	446
447	451
447	542
447	565
447	570
447	572
447	581
447	623
447	634
447	712
447	735
447	804
447	882
447	901
448	162
448	438
448	469
448	625
448	832
449	487
449	714
450	733
451	91
451	101
451	109
451	149
451	159
451	183
451	250
451	301
451	356
451	446
451	447
451	526
451	731
451	735
451	804
451	807
451	842
451	848
451	877
451	893
452	191
452	325
452	339
452	375
452	667
452	840
452	946
453	312
453	782
454	300
455	158
455	180
455	206
455	263
455	297
455	514
455	696
455	706
455	750
455	829
455	859
455	898
456	917
457	247
458	9
458	299
458	414
458	819
459	255
459	642
459	800
460	37
460	146
460	354
460	385
460	453
460	782
460	932
461	61
461	79
461	220
461	356
461	487
461	533
461	628
461	695
461	731
461	735
461	804
462	84
462	707
463	365
463	447
463	465
463	502
463	529
463	597
463	638
463	646
463	680
463	882
463	883
464	25
464	168
464	174
464	187
464	204
464	226
464	233
464	235
464	326
464	354
464	374
464	446
464	449
464	484
464	487
464	511
464	627
464	628
464	630
464	631
464	750
464	780
464	919
465	11
465	15
465	20
465	39
465	55
465	116
465	145
465	150
465	166
465	184
465	202
465	207
465	212
465	213
465	221
465	223
465	239
465	257
465	285
465	288
465	304
465	317
465	332
465	347
465	352
465	364
465	365
465	378
465	386
465	408
465	422
465	424
465	428
465	441
465	457
465	463
465	466
465	477
465	489
465	501
465	504
465	505
465	515
465	528
465	531
465	537
465	549
465	554
465	568
465	584
465	590
465	612
465	613
465	666
465	680
465	703
465	713
465	718
465	725
465	727
465	728
465	729
465	744
465	759
465	761
465	769
465	772
465	784
465	827
465	857
465	883
465	908
465	930
465	948
466	329
467	29
467	48
467	484
468	942
469	625
470	738
471	179
471	326
471	427
471	446
472	537
473	89
473	132
473	149
473	172
473	219
473	220
473	240
473	250
473	267
473	271
473	298
473	301
473	337
473	343
473	351
473	356
473	404
473	446
473	447
473	464
473	484
473	494
473	508
473	509
473	560
473	565
473	570
473	605
473	623
473	628
473	632
473	662
473	712
473	735
473	740
473	797
473	798
473	809
473	825
473	888
473	901
473	904
473	919
473	929
473	931
474	911
475	509
475	649
475	661
476	738
477	9
478	738
479	25
479	61
479	68
479	79
479	89
479	90
479	91
479	101
479	115
479	121
479	124
479	132
479	133
479	136
479	143
479	147
479	148
479	149
479	159
479	178
479	183
479	188
479	219
479	250
479	267
479	271
479	298
479	301
479	337
479	349
479	404
479	415
479	432
479	446
479	451
479	463
479	464
479	473
479	494
479	526
479	546
479	565
479	570
479	573
479	581
479	626
479	646
479	661
479	689
479	731
479	735
479	737
479	747
479	750
479	752
479	770
479	781
479	788
479	804
479	816
479	844
479	848
479	866
479	869
479	904
479	922
479	929
480	611
481	639
481	646
482	94
483	280
484	86
484	349
484	351
484	360
484	366
484	415
484	437
484	464
484	467
484	473
484	496
484	573
484	632
484	657
484	688
484	715
484	804
484	877
484	917
485	61
485	91
485	109
485	345
485	735
485	877
485	922
486	178
486	271
486	298
486	385
486	623
486	634
486	662
486	669
486	712
486	754
487	21
487	25
487	26
487	59
487	61
487	78
487	85
487	86
487	99
487	100
487	101
487	108
487	110
487	121
487	149
487	159
487	167
487	220
487	224
487	235
487	250
487	260
487	291
487	293
487	298
487	301
487	319
487	326
487	337
487	358
487	378
487	399
487	404
487	410
487	423
487	432
487	449
487	451
487	464
487	473
487	484
487	507
487	516
487	526
487	541
487	548
487	565
487	570
487	573
487	610
487	628
487	632
487	640
487	659
487	686
487	695
487	716
487	724
487	730
487	731
487	735
487	740
487	763
487	770
487	796
487	809
487	822
487	825
487	854
487	861
487	869
487	871
487	890
487	899
487	904
487	915
487	919
487	922
487	931
488	214
488	230
488	264
488	297
488	329
488	911
489	557
490	57
490	63
490	64
490	122
490	406
490	636
490	805
491	101
491	109
491	427
491	565
491	570
491	632
491	877
492	436
493	442
494	109
494	179
494	219
494	343
494	345
494	349
494	360
494	427
494	611
494	701
494	740
494	877
495	100
495	110
495	219
495	349
495	712
496	24
496	25
496	109
496	133
496	149
496	218
496	220
496	241
496	349
496	427
496	437
496	471
496	484
496	511
496	526
496	565
496	632
496	691
496	773
496	789
496	809
496	888
496	890
496	928
497	10
497	18
497	54
497	60
497	84
497	107
497	120
497	150
497	212
497	239
497	261
497	285
497	288
497	292
497	321
497	347
497	367
497	401
497	406
497	413
497	422
497	424
497	441
497	462
497	463
497	465
497	478
497	515
497	547
497	554
497	597
497	602
497	647
497	675
497	725
497	793
497	801
497	811
497	818
497	883
497	889
497	895
497	903
497	908
497	924
497	945
498	733
498	894
499	738
500	351
500	411
501	505
502	34
502	61
502	71
502	173
502	279
502	365
502	463
502	529
502	638
502	645
502	816
503	62
503	96
504	823
505	11
505	120
505	145
505	150
505	208
505	223
505	239
505	292
505	328
505	347
505	431
505	463
505	465
505	506
505	725
505	728
505	759
505	772
505	819
505	868
505	948
506	725
507	149
507	250
507	301
507	356
507	417
507	429
507	447
507	546
507	570
507	573
507	632
507	740
507	804
507	879
507	904
507	922
508	13
508	101
508	149
508	250
508	298
508	301
508	403
508	628
508	654
508	657
508	691
508	731
508	735
508	740
508	770
508	804
508	825
508	848
508	888
508	918
508	922
509	9
509	36
509	54
509	57
509	61
509	71
509	99
509	104
509	107
509	109
509	114
509	122
509	173
509	187
509	201
509	203
509	229
509	250
509	299
509	301
509	360
509	365
509	368
509	395
509	396
509	404
509	424
509	439
509	447
509	463
509	536
509	537
509	549
509	597
509	639
509	646
509	650
509	653
509	664
509	680
509	689
509	701
509	711
509	737
509	740
509	754
509	773
509	777
509	804
509	805
509	811
509	825
509	834
509	866
509	877
509	917
509	924
510	79
510	215
511	360
511	817
512	51
512	266
512	654
512	692
512	779
513	354
513	511
513	817
514	62
514	738
515	9
515	10
515	11
515	14
515	18
515	20
515	33
515	39
515	47
515	54
515	84
515	107
515	120
515	145
515	150
515	164
515	221
515	239
515	246
515	261
515	280
515	282
515	285
515	289
515	292
515	321
515	327
515	367
515	393
515	401
515	406
515	407
515	413
515	422
515	441
515	462
515	478
515	490
515	545
515	547
515	590
515	602
515	646
515	664
515	675
515	725
515	774
515	811
515	820
515	883
515	889
515	903
515	908
515	924
515	945
516	487
517	38
517	230
518	9
519	120
520	665
521	253
521	324
521	493
521	658
521	706
521	911
522	329
522	621
522	738
523	54
524	101
525	335
525	717
526	25
526	36
526	61
526	109
526	136
526	178
526	220
526	241
526	250
526	326
526	345
526	349
526	351
526	360
526	415
526	446
526	487
526	560
526	701
526	716
526	737
526	740
526	888
526	893
526	931
527	939
528	213
529	54
529	57
529	71
529	109
529	173
529	187
529	231
529	250
529	258
529	267
529	365
529	432
529	439
529	463
529	502
529	537
529	549
529	597
529	639
529	646
529	680
529	689
529	726
529	737
529	740
529	749
529	777
529	804
529	816
529	866
529	877
529	890
529	901
530	356
531	15
532	351
533	36
533	360
533	427
533	461
533	701
533	716
533	738
533	740
534	93
534	109
534	127
534	178
534	237
534	240
534	262
534	271
534	298
534	345
534	356
534	511
534	526
534	605
534	634
534	662
534	712
534	737
534	740
534	877
534	904
535	79
536	201
536	356
536	365
536	915
537	509
537	529
538	581
539	1
539	67
539	263
539	283
539	313
539	444
539	588
539	671
539	679
539	699
539	706
539	710
539	858
539	878
540	46
540	293
541	132
541	149
541	356
541	358
541	565
541	745
541	931
542	513
543	611
543	738
544	9
544	352
544	941
545	9
545	832
546	40
546	54
546	68
546	78
546	89
546	90
546	91
546	100
546	104
546	105
546	106
546	121
546	132
546	133
546	136
546	147
546	149
546	167
546	178
546	188
546	219
546	220
546	235
546	237
546	245
546	250
546	252
546	260
546	271
546	295
546	301
546	303
546	319
546	326
546	337
546	343
546	345
546	349
546	356
546	372
546	409
546	415
546	417
546	429
546	432
546	437
546	447
546	451
546	464
546	479
546	484
546	494
546	496
546	507
546	511
546	526
546	549
546	570
546	572
546	573
546	581
546	592
546	620
546	628
546	632
546	637
546	646
546	653
546	657
546	688
546	716
546	731
546	735
546	737
546	740
546	747
546	752
546	755
546	758
546	768
546	779
546	789
546	799
546	804
546	805
546	810
546	824
546	825
546	867
546	869
546	877
546	893
546	904
546	931
547	273
547	683
547	811
547	908
548	21
548	136
548	167
548	176
548	245
548	301
548	701
548	715
548	731
548	735
548	770
548	842
548	848
548	862
549	24
549	36
549	99
549	102
549	109
549	136
549	149
549	159
549	178
549	187
549	192
549	220
549	250
549	326
549	336
549	404
549	446
549	526
549	701
549	735
549	737
549	740
549	804
549	809
549	825
549	828
549	848
549	888
549	893
549	922
549	931
550	49
550	216
551	56
551	64
551	120
551	261
551	277
551	321
551	406
551	478
551	602
551	635
551	720
551	903
551	908
551	921
552	742
553	738
554	194
554	557
554	563
554	786
554	823
555	148
555	182
556	79
556	134
556	389
556	591
557	11
557	15
557	20
557	55
557	120
557	145
557	150
557	166
557	208
557	212
557	223
557	239
557	257
557	258
557	261
557	276
557	284
557	285
557	288
557	292
557	299
557	304
557	317
557	352
557	364
557	378
557	386
557	401
557	414
557	422
557	424
557	441
557	463
557	466
557	477
557	489
557	504
557	505
557	519
557	531
557	537
557	554
557	590
557	635
557	680
557	703
557	713
557	725
557	759
557	764
557	767
557	819
557	832
557	883
557	889
557	895
557	930
558	713
559	329
559	434
559	514
559	738
560	61
560	90
560	99
560	241
560	250
560	301
560	526
560	639
560	735
560	738
560	804
561	60
561	333
561	611
561	646
561	647
561	803
561	904
562	351
562	611
563	128
563	554
563	742
564	6
564	12
564	19
564	21
564	25
564	26
564	36
564	40
564	54
564	61
564	68
564	81
564	86
564	90
564	93
564	101
564	102
564	104
564	108
564	124
564	147
564	149
564	159
564	178
564	179
564	187
564	201
564	219
564	220
564	235
564	241
564	250
564	260
564	271
564	274
564	291
564	301
564	308
564	326
564	330
564	336
564	337
564	358
564	371
564	380
564	384
564	395
564	399
564	410
564	432
564	437
564	446
564	447
564	449
564	484
564	526
564	533
564	549
564	562
564	565
564	570
564	572
564	606
564	615
564	628
564	632
564	637
564	640
564	643
564	651
564	654
564	660
564	672
564	688
564	695
564	701
564	716
564	731
564	735
564	737
564	740
564	746
564	762
564	768
564	780
564	798
564	801
564	804
564	809
564	825
564	826
564	848
564	853
564	854
564	861
564	890
564	893
564	909
564	917
564	927
564	931
565	13
565	24
565	27
565	36
565	91
565	149
565	192
565	220
565	326
565	446
565	491
565	541
565	654
565	691
565	738
565	897
565	901
565	904
566	217
567	942
567	944
568	9
569	815
570	109
570	149
570	301
570	358
570	447
570	487
570	526
570	735
570	877
570	901
571	738
571	901
572	28
572	36
572	51
572	165
572	179
572	187
572	270
572	298
572	326
572	360
572	634
572	669
572	701
572	779
572	884
572	893
573	21
573	61
573	90
573	91
573	100
573	104
573	109
573	110
573	121
573	149
573	187
573	250
573	260
573	326
573	349
573	356
573	415
573	432
573	437
573	446
573	484
573	487
573	508
573	526
573	581
573	620
573	628
573	632
573	657
573	691
573	712
573	716
573	731
573	735
573	737
573	768
573	809
573	825
573	848
573	877
573	884
573	890
573	892
573	915
573	918
573	922
573	931
574	165
575	111
575	348
575	380
575	912
575	919
576	117
576	290
577	239
577	332
577	713
577	823
577	868
578	66
578	184
578	285
578	306
578	317
578	347
578	472
578	505
578	552
578	666
578	764
579	123
579	411
579	864
580	9
580	629
581	90
581	91
581	99
581	101
581	105
581	133
581	136
581	149
581	187
581	201
581	219
581	250
581	271
581	301
581	337
581	372
581	403
581	415
581	446
581	447
581	508
581	509
581	538
581	546
581	565
581	570
581	573
581	657
581	731
581	735
581	737
581	738
581	740
581	749
581	768
581	848
581	877
581	882
581	893
581	901
581	904
582	693
583	738
584	636
585	39
585	223
585	249
585	362
585	784
586	738
586	939
587	611
588	230
588	539
589	942
590	9
590	823
590	930
591	134
591	217
591	252
591	264
591	389
591	556
591	618
592	901
593	61
593	701
593	740
594	329
594	738
594	829
595	8
595	351
596	611
597	184
597	404
597	463
597	529
597	680
597	823
598	38
598	58
598	442
598	467
598	579
598	719
598	783
598	845
598	864
598	880
598	910
599	164
600	329
600	521
601	9
601	66
601	332
601	913
602	683
603	382
604	674
604	816
605	127
605	155
605	178
605	237
605	271
605	298
605	385
605	447
605	623
605	634
605	651
605	712
605	855
606	36
606	61
606	104
606	220
606	701
606	716
606	762
607	273
608	96
608	514
608	939
609	232
609	273
609	611
609	740
610	35
611	12
611	13
611	16
611	21
611	25
611	26
611	36
611	40
611	54
611	57
611	58
611	61
611	78
611	81
611	86
611	90
611	99
611	101
611	108
611	121
611	131
611	136
611	149
611	179
611	187
611	195
611	201
611	209
611	218
611	220
611	235
611	237
611	238
611	241
611	250
611	262
611	274
611	291
611	301
611	308
611	312
611	319
611	326
611	330
611	331
611	336
611	337
611	342
611	346
611	354
611	362
611	363
611	371
611	380
611	387
611	395
611	410
611	423
611	432
611	446
611	447
611	449
611	464
611	473
611	480
611	487
611	509
611	533
611	536
611	549
611	562
611	565
611	572
611	606
611	622
611	628
611	632
611	639
611	640
611	643
611	646
611	647
611	654
611	660
611	664
611	716
611	724
611	731
611	735
611	737
611	740
611	746
611	762
611	763
611	768
611	776
611	777
611	780
611	801
611	804
611	808
611	809
611	810
611	817
611	821
611	822
611	824
611	825
611	826
611	842
611	848
611	853
611	854
611	861
611	862
611	879
611	890
611	893
611	904
611	905
611	909
611	915
611	917
611	919
611	925
611	927
612	472
613	227
614	329
614	738
615	917
616	696
617	256
618	76
619	738
620	17
620	34
620	54
620	57
620	68
620	86
620	90
620	93
620	97
620	99
620	100
620	101
620	105
620	110
620	121
620	132
620	133
620	136
620	143
620	148
620	149
620	159
620	173
620	178
620	195
620	219
620	220
620	235
620	237
620	241
620	252
620	267
620	271
620	296
620	298
620	301
620	337
620	349
620	356
620	361
620	368
620	372
620	380
620	390
620	399
620	404
620	410
620	417
620	423
620	432
620	437
620	447
620	451
620	464
620	471
620	484
620	485
620	487
620	523
620	524
620	526
620	533
620	540
620	562
620	565
620	570
620	573
620	593
620	597
620	615
620	619
620	622
620	628
620	632
620	639
620	646
620	647
620	651
620	656
620	665
620	686
620	689
620	714
620	724
620	730
620	731
620	735
620	737
620	740
620	764
620	768
620	776
620	779
620	789
620	799
620	801
620	804
620	810
620	825
620	828
620	848
620	861
620	866
620	869
620	884
620	890
620	892
620	899
620	901
620	904
620	915
620	919
620	922
620	931
620	938
621	23
621	411
621	450
621	741
621	765
622	487
623	51
623	155
623	311
623	605
623	634
623	712
623	855
624	95
625	43
625	162
625	438
625	448
625	469
626	54
626	57
626	60
626	63
626	97
626	109
626	114
626	132
626	173
626	183
626	201
626	203
626	231
626	250
626	365
626	395
626	396
626	404
626	439
626	446
626	447
626	463
626	508
626	597
626	639
626	646
626	653
626	680
626	686
626	737
626	749
626	768
626	804
626	805
626	816
626	825
626	834
626	866
626	888
626	901
626	917
626	924
627	21
627	26
627	36
627	54
627	59
627	61
627	68
627	81
627	86
627	89
627	90
627	93
627	97
627	99
627	100
627	101
627	105
627	111
627	132
627	136
627	147
627	157
627	159
627	167
627	168
627	173
627	178
627	187
627	195
627	219
627	235
627	241
627	245
627	250
627	267
627	271
627	301
627	331
627	342
627	365
627	368
627	372
627	390
627	399
627	400
627	404
627	407
627	410
627	432
627	446
627	447
627	464
627	485
627	487
627	502
627	526
627	533
627	542
627	560
627	592
627	597
627	622
627	628
627	639
627	645
627	662
627	664
627	672
627	686
627	688
627	689
627	695
627	700
627	714
627	716
627	724
627	731
627	735
627	737
627	740
627	749
627	781
627	789
627	796
627	801
627	804
627	805
627	809
627	821
627	825
627	842
627	848
627	861
627	862
627	866
627	884
627	888
627	890
627	901
627	909
627	915
627	919
627	931
628	13
628	36
628	99
628	102
628	104
628	105
628	149
628	167
628	195
628	235
628	273
628	301
628	326
628	345
628	360
628	446
628	672
628	701
628	731
628	735
628	737
628	740
628	804
628	842
628	853
628	890
628	893
628	931
629	580
630	354
631	37
631	204
631	464
632	90
632	104
632	220
632	326
632	351
632	731
632	804
632	915
633	101
633	109
633	877
634	105
634	110
634	119
634	127
634	155
634	168
634	237
634	240
634	252
634	262
634	298
634	301
634	385
634	417
634	426
634	447
634	486
634	534
634	605
634	623
634	662
634	712
634	737
634	740
634	779
634	884
634	904
635	63
635	186
635	321
635	406
635	547
635	551
635	623
635	855
635	908
635	921
636	184
636	223
636	713
636	753
636	817
636	942
636	948
637	90
637	101
637	250
637	807
638	97
638	149
638	173
638	231
638	250
638	279
638	365
638	396
638	463
638	481
638	502
638	509
638	639
638	646
638	647
638	664
638	689
638	737
638	747
639	61
639	99
639	109
639	326
639	509
639	611
640	104
640	701
640	853
641	714
641	738
642	103
642	117
642	211
642	222
642	373
642	376
642	459
642	467
642	562
642	775
642	800
642	839
642	841
642	861
642	864
642	938
643	12
643	36
643	61
643	701
643	791
643	828
643	861
643	917
644	98
645	34
645	71
645	114
645	132
645	249
645	250
645	279
645	365
645	396
645	447
645	463
645	502
645	509
645	597
645	639
645	737
645	816
645	838
646	25
646	54
646	57
646	60
646	63
646	71
646	91
646	109
646	195
646	231
646	239
646	250
646	261
646	356
646	365
646	372
646	390
646	401
646	404
646	406
646	447
646	463
646	481
646	529
646	561
646	597
646	626
646	638
646	653
646	663
646	680
646	686
646	689
646	737
646	747
646	804
646	805
646	811
646	816
646	866
646	869
646	904
646	917
646	924
647	60
647	93
647	143
647	168
647	365
647	404
647	561
647	638
647	749
647	809
647	924
648	214
649	129
649	214
649	285
649	475
649	701
650	509
651	564
651	798
652	12
653	356
653	509
654	99
654	101
654	109
654	149
654	187
654	192
654	250
654	291
654	301
654	326
654	345
654	349
654	384
654	446
654	508
654	565
654	611
654	657
654	672
654	695
654	701
654	715
654	731
654	735
654	737
654	740
654	807
654	836
654	848
654	853
654	877
654	917
655	79
655	740
656	80
656	748
657	54
657	57
657	61
657	68
657	78
657	90
657	93
657	99
657	100
657	101
657	105
657	109
657	121
657	132
657	136
657	149
657	159
657	178
657	187
657	192
657	219
657	220
657	237
657	245
657	250
657	260
657	267
657	298
657	301
657	303
657	326
657	331
657	368
657	372
657	399
657	403
657	404
657	410
657	432
657	437
657	446
657	464
657	484
657	487
657	494
657	508
657	526
657	560
657	565
657	570
657	573
657	597
657	628
657	632
657	635
657	639
657	654
657	672
657	686
657	712
657	716
657	724
657	730
657	731
657	735
657	737
657	738
657	740
657	749
657	758
657	763
657	770
657	788
657	801
657	804
657	807
657	809
657	825
657	848
657	861
657	869
657	877
657	884
657	888
657	890
657	893
657	901
657	915
657	918
657	922
657	931
658	521
659	356
659	487
659	611
660	36
660	61
660	187
660	326
660	701
660	807
660	836
661	121
661	126
661	149
661	250
661	271
661	475
661	479
661	516
661	525
661	526
661	573
661	632
661	700
661	712
661	745
661	752
661	825
661	904
662	83
662	127
662	175
662	237
662	240
662	271
662	298
662	311
662	417
662	486
662	534
662	572
662	605
662	623
662	634
662	653
662	661
662	669
662	681
662	712
662	737
662	855
662	897
662	904
663	14
663	54
663	439
663	515
663	611
663	783
663	882
663	889
663	907
664	54
664	114
664	201
664	301
664	611
664	686
664	749
664	816
664	882
665	110
665	520
666	823
667	191
667	452
667	840
667	946
668	421
669	51
669	119
669	179
669	252
669	271
669	296
669	298
669	417
669	486
669	572
669	623
669	754
669	828
670	28
671	230
671	442
671	738
672	99
672	192
672	291
672	549
672	628
672	654
672	735
672	888
673	329
673	939
674	9
674	66
674	164
674	280
674	413
674	604
674	816
675	203
675	261
675	406
675	478
675	547
675	646
675	683
675	720
675	811
676	337
676	447
677	93
677	298
677	745
678	738
679	96
679	521
679	738
680	597
681	175
681	237
681	260
681	298
681	426
681	494
681	659
681	662
681	712
681	811
682	128
682	181
682	184
682	203
682	223
682	246
682	285
682	288
682	323
682	329
682	383
682	408
682	431
682	506
682	528
682	584
682	629
682	671
682	680
682	690
682	694
682	705
682	713
682	718
682	723
682	725
682	742
682	764
682	784
682	856
682	887
682	896
682	941
683	54
683	401
683	406
683	547
683	602
683	646
683	675
683	903
683	908
683	924
684	108
685	939
685	944
686	54
686	57
686	61
686	109
686	114
686	463
686	597
686	664
686	726
686	834
687	398
687	400
687	549
688	61
688	90
688	104
688	105
688	121
688	149
688	326
688	484
688	526
688	573
688	632
688	716
688	735
688	804
689	57
689	61
689	91
689	107
689	109
689	149
689	173
689	203
689	229
689	231
689	319
689	365
689	368
689	390
689	393
689	395
689	396
689	404
689	406
689	463
689	481
689	526
689	529
689	549
689	573
689	611
689	627
689	638
689	646
689	716
689	804
689	811
689	888
689	915
689	931
690	96
691	368
691	410
691	427
691	496
691	509
691	569
691	773
691	789
691	809
692	165
692	411
693	54
693	96
693	98
693	160
693	377
693	443
693	535
693	567
693	600
693	719
693	740
693	746
693	845
693	856
694	9
694	942
695	79
695	187
695	232
695	356
695	461
695	654
695	701
695	738
695	893
696	79
696	616
697	678
697	738
697	829
698	738
699	96
699	230
699	539
699	911
700	83
700	149
700	271
700	273
700	661
701	6
701	13
701	21
701	23
701	24
701	36
701	40
701	54
701	57
701	61
701	78
701	81
701	90
701	93
701	99
701	104
701	108
701	131
701	178
701	185
701	187
701	203
701	209
701	220
701	235
701	241
701	242
701	250
701	260
701	265
701	274
701	291
701	298
701	301
701	308
701	326
701	330
701	343
701	360
701	363
701	371
701	384
701	387
701	395
701	410
701	446
701	494
701	509
701	526
701	533
701	548
701	549
701	572
701	593
701	606
701	611
701	628
701	640
701	643
701	649
701	654
701	660
701	695
701	716
701	731
701	735
701	737
701	740
701	746
701	762
701	777
701	798
701	804
701	808
701	826
701	842
701	848
701	853
701	875
701	893
701	909
701	923
701	927
701	931
702	51
703	20
703	116
703	184
703	285
703	288
703	317
703	332
703	347
703	422
703	457
703	477
703	501
703	504
703	505
703	506
703	568
703	666
703	713
703	725
703	744
703	772
703	784
704	68
704	121
704	356
704	541
704	738
704	752
705	230
705	297
706	230
706	455
706	521
706	539
706	942
707	247
707	462
708	611
709	79
710	329
710	411
710	539
710	942
711	509
712	90
712	93
712	109
712	127
712	149
712	152
712	155
712	165
712	219
712	237
712	240
712	244
712	250
712	252
712	262
712	271
712	298
712	349
712	376
712	447
712	471
712	480
712	486
712	495
712	526
712	534
712	573
712	582
712	605
712	623
712	634
712	651
712	661
712	662
712	669
712	737
712	756
712	780
712	867
712	877
712	899
713	273
713	558
713	725
714	26
714	108
714	147
714	201
714	220
714	241
714	271
714	606
714	632
714	651
714	740
714	835
715	78
715	124
715	220
715	241
715	301
715	319
715	345
715	403
715	437
715	446
715	484
715	622
715	654
715	735
716	36
716	90
716	99
716	102
716	121
716	136
716	220
716	241
716	245
716	291
716	298
716	301
716	326
716	345
716	446
716	526
716	533
716	549
716	565
716	579
716	632
716	657
716	701
716	735
716	737
716	740
716	758
716	770
716	804
716	809
716	853
716	875
716	890
716	893
717	433
717	525
717	605
717	865
718	9
718	309
718	636
719	214
719	270
719	420
719	598
719	800
720	42
720	63
720	120
720	164
720	197
720	203
720	261
720	288
720	321
720	333
720	334
720	347
720	370
720	406
720	407
720	422
720	440
720	468
720	478
720	547
720	602
720	646
720	674
720	675
720	718
720	728
720	749
720	784
720	902
720	903
720	908
720	924
721	498
721	733
721	815
722	5
722	37
722	81
722	87
722	111
722	139
722	141
722	147
722	176
722	226
722	252
722	342
722	354
722	439
722	510
722	556
722	562
722	619
722	695
722	708
722	724
722	912
722	927
723	9
724	738
725	320
725	505
725	506
725	713
726	247
727	20
727	120
727	145
727	150
727	163
727	166
727	181
727	194
727	207
727	223
727	239
727	251
727	285
727	304
727	352
727	364
727	367
727	378
727	414
727	424
727	431
727	441
727	465
727	477
727	501
727	504
727	505
727	529
727	537
727	636
727	713
727	725
727	742
727	772
727	868
727	948
728	66
728	77
728	116
728	223
728	285
728	288
728	317
728	505
728	537
728	590
728	666
728	713
728	772
728	827
728	868
728	883
729	823
730	61
731	24
731	61
731	99
731	101
731	102
731	104
731	109
731	136
731	138
731	149
731	250
731	291
731	326
731	446
731	461
731	487
731	526
731	548
731	628
731	632
731	654
731	701
731	716
731	735
731	737
731	738
731	740
731	807
731	809
731	853
731	877
731	893
731	931
732	96
732	475
732	569
732	815
732	938
733	8
733	252
733	498
733	721
734	79
734	289
734	346
735	13
735	36
735	93
735	99
735	100
735	101
735	102
735	104
735	109
735	136
735	174
735	187
735	220
735	250
735	291
735	298
735	301
735	326
735	345
735	356
735	360
735	396
735	410
735	415
735	446
735	485
735	508
735	526
735	549
735	560
735	565
735	570
735	573
735	628
735	639
735	640
735	654
735	657
735	672
735	688
735	701
735	715
735	716
735	731
735	737
735	740
735	758
735	804
735	807
735	809
735	836
735	848
735	853
735	869
735	877
735	882
735	888
735	892
735	893
735	927
735	931
736	54
736	95
736	251
736	378
736	396
736	639
736	845
737	13
737	36
737	102
737	106
737	109
737	232
737	241
737	250
737	267
737	326
737	343
737	345
737	360
737	403
737	415
737	494
737	509
737	549
737	564
737	611
737	628
737	634
737	654
737	701
737	735
737	738
737	740
737	773
737	781
737	807
737	836
737	848
737	893
738	1
738	40
738	61
738	72
738	75
738	94
738	104
738	108
738	118
738	124
738	148
738	160
738	187
738	205
738	206
738	232
738	243
738	250
738	263
738	273
738	283
738	289
738	294
738	298
738	302
738	360
738	377
738	388
738	395
738	410
738	418
738	427
738	446
738	476
738	522
738	526
738	533
738	560
738	562
738	565
738	572
738	583
738	586
738	594
738	600
738	611
738	614
738	640
738	671
738	679
738	739
738	740
738	766
738	778
738	808
738	813
738	824
738	830
738	833
738	846
738	853
738	863
738	869
738	874
738	878
738	886
738	888
738	892
738	913
738	927
738	936
738	938
738	947
739	780
740	29
740	36
740	61
740	79
740	102
740	104
740	148
740	160
740	187
740	220
740	232
740	241
740	273
740	298
740	326
740	360
740	427
740	446
740	509
740	526
740	533
740	549
740	628
740	634
740	654
740	693
740	701
740	735
740	738
740	893
741	149
742	66
742	161
742	181
742	505
742	552
742	563
742	624
742	711
742	718
742	727
742	764
742	786
742	948
743	777
743	917
744	20
744	285
744	317
744	713
744	725
745	13
745	19
745	21
745	25
745	40
745	54
745	60
745	68
745	90
745	91
745	93
745	97
745	99
745	100
745	101
745	105
745	115
745	121
745	132
745	136
745	143
745	144
745	149
745	154
745	159
745	167
745	173
745	178
745	183
745	187
745	188
745	195
745	201
745	219
745	220
745	228
745	235
745	245
745	250
745	260
745	262
745	267
745	271
745	291
745	293
745	303
745	312
745	319
745	326
745	335
745	345
745	350
745	356
745	358
745	361
745	368
745	372
745	373
745	395
745	403
745	404
745	409
745	410
745	417
745	432
745	437
745	446
745	447
745	463
745	464
745	473
745	479
745	484
745	485
745	491
745	494
745	496
745	507
745	508
745	511
745	525
745	533
745	541
745	542
745	546
745	560
745	565
745	570
745	571
745	581
745	592
745	593
745	603
745	615
745	619
745	627
745	628
745	632
745	638
745	645
745	647
745	653
745	657
745	661
745	672
745	677
745	688
745	691
745	700
745	712
745	714
745	716
745	724
745	731
745	735
745	737
745	747
745	749
745	752
745	758
745	768
745	770
745	781
745	783
745	788
745	798
745	804
745	807
745	810
745	848
745	853
745	861
745	866
745	867
745	869
745	882
745	884
745	886
745	888
745	890
745	899
745	901
745	904
745	905
745	915
745	919
745	922
745	931
746	36
746	701
747	13
747	16
747	19
747	21
747	40
747	54
747	57
747	68
747	91
747	93
747	99
747	100
747	101
747	104
747	105
747	106
747	107
747	121
747	124
747	132
747	133
747	136
747	143
747	144
747	147
747	149
747	159
747	167
747	168
747	173
747	178
747	187
747	188
747	192
747	195
747	201
747	210
747	219
747	220
747	228
747	235
747	237
747	241
747	242
747	250
747	267
747	293
747	298
747	301
747	303
747	312
747	319
747	326
747	331
747	337
747	343
747	345
747	350
747	358
747	365
747	368
747	372
747	387
747	399
747	403
747	404
747	407
747	409
747	410
747	415
747	423
747	425
747	432
747	447
747	449
747	451
747	464
747	473
747	479
747	485
747	491
747	494
747	496
747	499
747	500
747	511
747	512
747	523
747	526
747	541
747	543
747	546
747	549
747	562
747	565
747	570
747	573
747	581
747	583
747	592
747	597
747	609
747	620
747	626
747	627
747	628
747	632
747	633
747	639
747	645
747	646
747	650
747	653
747	657
747	661
747	664
747	688
747	689
747	691
747	712
747	714
747	716
747	724
747	731
747	735
747	740
747	741
747	749
747	752
747	770
747	773
747	779
747	783
747	788
747	801
747	805
747	807
747	809
747	810
747	816
747	825
747	828
747	835
747	848
747	866
747	869
747	871
747	875
747	888
747	890
747	893
747	901
747	904
747	905
747	915
747	917
747	919
747	922
747	928
747	929
747	931
748	80
748	85
748	234
748	656
749	396
749	731
749	735
750	93
750	141
750	232
750	342
750	455
751	9
751	285
752	13
752	61
752	68
752	91
752	93
752	101
752	104
752	132
752	143
752	149
752	154
752	159
752	178
752	188
752	195
752	219
752	235
752	250
752	267
752	271
752	303
752	356
752	404
752	409
752	432
752	451
752	473
752	479
752	546
752	592
752	661
752	704
752	731
752	735
752	737
752	745
752	747
752	758
752	825
752	848
752	869
752	893
752	904
752	919
752	931
753	213
753	221
753	225
753	285
753	306
753	424
753	506
753	636
753	718
754	351
754	411
755	3
755	13
755	17
755	21
755	25
755	34
755	36
755	54
755	57
755	60
755	68
755	83
755	86
755	89
755	90
755	93
755	99
755	100
755	101
755	104
755	105
755	107
755	111
755	115
755	121
755	124
755	132
755	133
755	136
755	143
755	144
755	147
755	148
755	149
755	154
755	167
755	168
755	173
755	178
755	183
755	188
755	192
755	195
755	201
755	210
755	219
755	220
755	228
755	235
755	237
755	241
755	245
755	250
755	251
755	260
755	267
755	271
755	289
755	298
755	301
755	303
755	312
755	319
755	326
755	331
755	335
755	336
755	337
755	343
755	345
755	349
755	350
755	358
755	361
755	365
755	368
755	372
755	373
755	378
755	382
755	390
755	396
755	399
755	404
755	410
755	415
755	417
755	423
755	432
755	437
755	439
755	447
755	451
755	453
755	464
755	485
755	487
755	494
755	496
755	507
755	523
755	524
755	526
755	533
755	534
755	541
755	543
755	546
755	560
755	565
755	570
755	572
755	573
755	581
755	582
755	592
755	597
755	603
755	607
755	609
755	615
755	619
755	620
755	627
755	628
755	632
755	633
755	635
755	637
755	638
755	639
755	641
755	643
755	645
755	646
755	647
755	651
755	653
755	657
755	659
755	660
755	665
755	672
755	680
755	683
755	686
755	688
755	689
755	695
755	700
755	704
755	714
755	724
755	726
755	730
755	731
755	735
755	737
755	740
755	747
755	749
755	752
755	763
755	768
755	770
755	773
755	779
755	788
755	801
755	803
755	804
755	805
755	806
755	809
755	810
755	816
755	824
755	825
755	828
755	842
755	844
755	848
755	852
755	853
755	861
755	866
755	867
755	869
755	871
755	875
755	884
755	886
755	888
755	890
755	892
755	899
755	901
755	904
755	905
755	915
755	919
755	922
755	924
755	925
755	928
755	931
755	938
756	712
757	738
758	68
758	90
758	91
758	101
758	104
758	109
758	121
758	132
758	149
758	178
758	187
758	219
758	237
758	250
758	267
758	301
758	303
758	319
758	323
758	349
758	351
758	372
758	404
758	415
758	417
758	432
758	437
758	447
758	508
758	546
758	570
758	573
758	628
758	639
758	657
758	688
758	716
758	731
758	735
758	737
758	740
758	749
758	752
758	825
758	848
758	869
758	877
758	890
758	893
758	901
758	904
758	917
758	918
758	922
759	823
760	419
761	329
762	429
762	509
762	606
762	701
762	853
763	241
763	345
763	360
763	807
763	836
763	917
764	66
764	165
764	422
765	6
765	189
765	322
765	376
765	430
765	442
765	621
765	697
765	831
765	843
765	864
765	898
765	932
766	360
766	738
767	145
767	557
768	61
768	106
768	487
768	573
768	848
768	890
768	917
769	120
769	207
769	223
769	347
769	478
769	544
769	713
769	718
769	725
769	772
769	827
770	58
770	61
770	106
770	121
770	301
770	326
770	446
770	487
770	508
770	548
770	549
770	657
770	714
770	715
770	716
770	735
770	877
770	922
771	61
771	187
771	203
771	229
771	262
771	266
771	286
771	296
771	323
771	362
771	365
771	572
771	635
771	737
771	743
771	754
771	777
771	855
772	285
772	578
773	360
773	496
773	509
773	611
773	691
774	256
774	617
775	255
776	36
777	36
777	54
777	395
777	611
777	701
777	743
777	834
777	917
778	329
778	411
778	738
779	165
779	179
779	245
779	326
779	446
779	572
779	634
779	853
780	36
780	287
780	739
781	105
781	109
781	159
781	241
781	345
781	349
781	479
781	611
781	627
781	737
781	738
781	807
781	836
781	877
782	112
782	453
783	28
783	170
783	241
783	417
783	598
784	9
784	436
784	682
785	227
786	194
786	529
786	554
786	742
786	793
787	158
787	177
787	216
787	266
787	270
787	420
787	442
787	527
787	572
787	598
787	673
787	678
787	792
787	829
787	859
788	99
788	101
788	106
788	168
788	298
788	319
788	356
788	372
788	415
788	446
788	479
788	526
788	581
788	639
788	657
788	731
788	770
788	893
789	298
790	112
790	146
790	460
790	651
790	932
791	643
792	738
793	786
794	250
795	96
795	911
795	939
796	149
797	446
797	738
798	651
798	701
798	864
799	738
800	459
800	738
800	839
800	841
800	864
801	427
802	351
803	561
804	36
804	40
804	61
804	86
804	99
804	102
804	187
804	301
804	326
804	411
804	446
804	484
804	549
804	560
804	628
804	632
804	701
804	716
804	735
804	737
804	740
804	893
805	738
806	622
806	738
807	61
807	78
807	99
807	101
807	106
807	109
807	149
807	241
807	250
807	326
807	345
807	349
807	384
807	403
807	415
807	570
807	637
807	654
807	660
807	731
807	735
807	737
807	738
807	740
807	763
807	781
807	836
807	875
807	877
808	36
808	232
808	360
808	701
808	738
809	13
809	21
809	25
809	59
809	61
809	99
809	104
809	168
809	187
809	241
809	291
809	301
809	326
809	446
809	487
809	496
809	509
809	549
809	572
809	632
809	716
809	731
809	735
809	737
809	738
809	740
809	804
809	848
809	853
809	904
810	611
810	740
811	9
811	107
811	239
812	939
813	38
813	94
813	96
813	738
813	939
814	63
814	107
814	231
814	239
814	401
814	406
814	478
814	547
814	602
814	646
814	653
814	664
814	749
814	811
814	924
815	569
815	732
816	502
816	611
816	664
816	917
817	79
817	93
817	141
818	9
818	10
818	11
818	18
818	20
818	33
818	34
818	39
818	54
818	60
818	63
818	64
818	84
818	107
818	116
818	122
818	145
818	150
818	207
818	213
818	221
818	223
818	226
818	239
818	246
818	249
818	261
818	280
818	288
818	289
818	292
818	321
818	367
818	393
818	401
818	406
818	407
818	413
818	421
818	422
818	424
818	441
818	457
818	458
818	462
818	465
818	477
818	478
818	489
818	490
818	497
818	504
818	515
818	545
818	547
818	590
818	597
818	602
818	635
818	646
818	647
818	664
818	675
818	725
818	736
818	750
818	801
818	805
818	811
818	816
818	820
818	832
818	834
818	883
818	889
818	895
818	903
818	908
818	924
818	945
819	458
820	367
820	413
821	136
822	487
823	20
823	55
823	92
823	145
823	223
823	239
823	285
823	288
823	304
823	317
823	364
823	424
823	431
823	457
823	463
823	504
823	505
823	506
823	554
823	590
823	680
823	713
823	759
823	819
823	930
823	948
824	36
824	611
825	25
825	61
825	106
825	109
825	149
825	192
825	241
825	250
825	301
825	319
825	326
825	337
825	361
825	425
825	446
825	461
825	491
825	526
825	549
825	632
825	672
825	716
825	740
825	892
825	901
825	918
826	36
826	360
826	701
827	414
828	61
828	174
828	200
828	220
828	250
828	336
828	356
828	362
828	446
828	549
828	643
828	669
828	893
828	901
828	904
828	917
828	931
829	738
830	329
830	621
830	738
830	939
831	738
832	367
832	438
832	448
832	469
833	96
833	322
833	738
833	911
834	247
834	777
834	917
835	101
836	61
836	101
836	241
836	250
836	326
836	345
836	384
836	403
836	654
836	660
836	735
836	737
836	738
836	740
836	763
836	781
836	807
837	28
838	71
838	249
838	664
838	711
838	726
839	800
840	9
840	452
840	667
840	946
841	800
842	109
842	167
842	232
842	326
842	548
842	628
842	701
842	714
842	735
842	877
843	765
844	210
844	447
844	479
845	598
845	693
846	79
846	411
846	738
847	472
848	61
848	99
848	149
848	250
848	301
848	326
848	446
848	549
848	565
848	639
848	654
848	701
848	735
848	737
848	768
849	76
850	872
851	738
852	861
853	24
853	61
853	90
853	99
853	101
853	104
853	105
853	187
853	250
853	301
853	326
853	390
853	509
853	549
853	565
853	628
853	640
853	654
853	701
853	716
853	731
853	735
853	737
853	738
853	740
853	762
853	779
853	809
853	861
854	21
854	159
854	487
854	714
854	716
854	919
855	87
855	119
855	203
855	229
855	237
855	262
855	333
855	376
855	385
855	467
855	572
855	605
855	623
855	635
855	737
855	740
855	771
855	777
855	893
856	272
856	323
856	422
856	687
857	823
858	96
858	230
858	539
859	738
860	738
861	643
861	852
862	99
862	105
862	159
862	167
862	195
862	235
862	237
862	250
862	326
862	461
862	548
862	593
862	627
862	628
862	731
862	735
862	828
862	848
862	905
862	909
862	919
863	442
863	738
864	214
864	255
864	579
864	798
864	800
865	717
866	54
866	57
866	60
866	61
866	97
866	99
866	132
866	201
866	203
866	223
866	228
866	229
866	250
866	251
866	267
866	365
866	378
866	396
866	404
866	463
866	481
866	529
866	547
866	573
866	597
866	639
866	645
866	646
866	647
866	650
866	653
866	686
866	737
866	749
866	804
866	805
866	816
866	834
866	875
866	901
866	917
866	924
867	738
868	364
868	458
868	601
868	727
869	91
869	149
869	250
869	301
869	337
869	349
869	356
869	358
869	372
869	479
869	546
869	646
869	657
869	731
869	735
869	738
869	752
869	877
869	904
869	922
870	6
870	865
871	446
871	738
872	249
872	850
873	75
874	738
874	939
875	91
875	345
875	351
875	356
875	360
875	701
875	807
876	738
877	25
877	61
877	90
877	91
877	101
877	102
877	104
877	105
877	109
877	132
877	149
877	152
877	187
877	188
877	219
877	250
877	301
877	326
877	343
877	345
877	349
877	356
877	358
877	380
877	403
877	404
877	415
877	437
877	446
877	451
877	484
877	485
877	487
877	491
877	494
877	526
877	529
877	534
877	546
877	570
877	573
877	581
877	583
877	633
877	654
877	657
877	691
877	712
877	716
877	731
877	735
877	737
877	740
877	758
877	770
877	781
877	807
877	842
877	848
877	869
877	893
877	901
877	904
877	917
877	918
877	922
878	62
878	96
878	230
878	539
878	738
879	61
879	549
880	6
880	598
881	58
881	391
882	54
882	203
882	365
882	439
882	447
882	463
882	509
882	564
882	583
882	597
882	611
882	663
882	664
882	686
882	777
882	789
882	834
882	917
883	120
883	145
883	285
883	463
883	738
884	179
884	250
884	572
884	890
885	232
885	776
886	360
886	738
887	28
887	521
887	682
887	771
888	99
888	109
888	220
888	301
888	326
888	526
888	573
888	672
888	735
888	918
888	919
889	321
889	367
889	663
889	783
889	820
889	945
890	61
890	121
890	149
890	192
890	250
890	326
890	496
890	573
890	628
890	716
890	740
890	768
890	884
891	58
891	445
892	61
892	326
892	735
893	36
893	61
893	102
893	105
893	187
893	220
893	250
893	270
893	326
893	336
893	360
893	427
893	446
893	526
893	549
893	572
893	628
893	695
893	701
893	716
893	740
893	809
893	828
894	253
895	378
896	128
896	194
896	436
896	941
897	565
897	738
898	738
899	487
899	611
900	2
900	100
900	110
900	301
900	573
900	835
901	54
901	60
901	93
901	101
901	105
901	109
901	121
901	132
901	149
901	151
901	154
901	174
901	219
901	220
901	232
901	237
901	250
901	267
901	301
901	312
901	319
901	345
901	349
901	372
901	399
901	432
901	446
901	447
901	451
901	473
901	526
901	529
901	546
901	549
901	560
901	565
901	570
901	573
901	581
901	592
901	597
901	628
901	632
901	639
901	657
901	672
901	688
901	689
901	716
901	731
901	735
901	737
901	740
901	758
901	763
901	779
901	788
901	804
901	807
901	825
901	828
901	848
901	869
901	875
901	877
901	888
901	890
901	904
901	931
902	254
903	43
903	317
903	683
904	12
904	21
904	25
904	40
904	60
904	78
904	89
904	100
904	109
904	149
904	155
904	160
904	179
904	203
904	219
904	220
904	228
904	237
904	250
904	267
904	271
904	298
904	326
904	337
904	343
904	349
904	351
904	368
904	372
904	404
904	417
904	437
904	446
904	450
904	473
904	479
904	484
904	487
904	494
904	507
904	508
904	509
904	526
904	534
904	546
904	560
904	561
904	562
904	565
904	570
904	573
904	581
904	623
904	632
904	634
904	639
904	646
904	661
904	664
904	688
904	712
904	726
904	730
904	731
904	738
904	740
904	741
904	752
904	758
904	763
904	768
904	789
904	798
904	804
904	809
904	825
904	828
904	848
904	861
904	869
904	877
904	888
904	901
904	911
904	915
904	919
904	922
904	931
905	36
905	61
905	109
905	241
905	250
905	446
905	526
905	565
905	628
905	731
905	735
905	804
905	807
905	825
905	848
906	611
907	889
908	229
908	289
908	321
908	368
908	378
908	406
908	478
908	547
908	635
908	647
908	683
908	749
908	811
909	36
909	147
909	159
909	167
909	235
909	237
909	250
909	380
909	427
909	447
909	464
909	627
909	701
909	735
909	862
909	919
910	38
910	49
910	53
910	62
910	81
910	108
910	266
910	277
910	324
910	430
910	434
910	442
910	493
910	574
910	598
910	792
910	851
910	859
910	860
910	898
910	938
911	369
911	474
911	521
912	232
913	96
913	738
914	611
915	61
915	250
915	536
915	611
915	632
915	731
915	738
916	253
916	268
917	54
917	61
917	69
917	78
917	102
917	104
917	109
917	137
917	142
917	187
917	326
917	395
917	396
917	432
917	456
917	484
917	615
917	643
917	654
917	743
917	758
917	763
917	768
917	777
917	828
917	834
918	61
918	149
918	250
918	301
918	356
918	404
918	415
918	437
918	508
918	526
918	573
918	657
918	716
918	735
918	737
918	758
918	825
918	877
918	888
918	890
918	893
919	13
919	21
919	25
919	26
919	91
919	105
919	108
919	111
919	136
919	149
919	159
919	167
919	174
919	176
919	187
919	192
919	195
919	220
919	224
919	235
919	250
919	260
919	291
919	301
919	303
919	308
919	326
919	337
919	348
919	353
919	380
919	399
919	405
919	423
919	446
919	449
919	464
919	473
919	487
919	511
919	526
919	533
919	542
919	548
919	549
919	593
919	609
919	622
919	627
919	628
919	640
919	643
919	654
919	660
919	695
919	714
919	724
919	731
919	734
919	735
919	752
919	762
919	796
919	809
919	821
919	822
919	824
919	826
919	842
919	848
919	854
919	862
919	875
919	888
919	904
919	905
919	909
920	15
920	20
920	66
920	77
920	116
920	120
920	128
920	145
920	150
920	166
920	202
920	207
920	221
920	223
920	239
920	261
920	276
920	284
920	285
920	288
920	304
920	306
920	332
920	347
920	352
920	364
920	386
920	457
920	463
920	477
920	478
920	505
920	519
920	531
920	537
920	544
920	568
920	577
920	584
920	612
920	680
920	694
920	713
920	718
920	723
920	725
920	728
920	751
920	759
920	761
920	764
920	772
920	784
920	819
920	827
920	941
921	56
921	63
921	64
921	203
921	317
921	406
921	551
921	602
921	635
921	720
921	903
921	908
922	19
922	106
922	109
922	110
922	121
922	149
922	178
922	187
922	232
922	250
922	319
922	337
922	345
922	356
922	404
922	432
922	485
922	487
922	507
922	508
922	549
922	570
922	573
922	632
922	688
922	735
922	745
922	747
922	749
922	758
922	768
922	770
922	825
922	869
922	877
922	904
923	701
924	54
924	64
924	378
924	639
924	646
924	647
924	683
925	572
926	329
926	738
926	911
927	36
927	61
927	273
927	326
927	701
927	722
927	735
927	738
928	241
928	496
928	526
928	533
928	632
928	740
929	210
929	479
930	557
931	25
931	61
931	90
931	91
931	132
931	147
931	149
931	220
931	232
931	358
931	404
931	473
931	511
931	526
931	541
931	549
931	573
931	628
931	701
931	731
931	735
931	745
931	828
931	893
931	904
932	460
932	765
933	79
933	238
933	360
934	370
934	452
934	667
934	840
934	946
935	329
935	442
935	939
936	329
936	738
937	49
938	255
938	738
939	1
939	4
939	7
939	41
939	74
939	126
939	130
939	180
939	294
939	324
939	357
939	359
939	397
939	443
939	527
939	537
939	586
939	608
939	673
939	685
939	795
939	812
939	813
939	830
939	874
939	935
940	314
941	896
942	72
942	141
942	238
942	330
942	443
942	567
942	636
942	692
942	694
942	706
942	710
942	911
943	37
943	136
943	147
943	287
943	354
943	374
943	511
943	631
944	96
944	685
945	401
945	889
946	191
946	325
946	375
946	452
946	667
946	840
947	445
947	738
948	823
