18834505 4 
18668388 2 
18671401 4 
18728950 3 
18769702 1 
18942053 2 
18335419 0 
18266608 0 
18185185 0 
18406221 0 
18757602 7 
18702602 2 
18794995 2 
18185267 0 
18265550 0 
18506975 5 
18652500 2 
18513825 0 
18273701 0 
18305066 0 
18740738 0 
18825474 1 
18552959 3 
18189913 1 
18290031 1 
18639416 1 
18834912 1 
18917069 0 
18851007 2 
18170887 0 
18726019 0 
18699512 3 
18809624 3 
18283280 7 
18531690 7 
18732799 2 
18826274 0 
18739765 2 
18709570 7 
18913179 0 
18243287 1 
18215347 3 
18891923 0 
18226567 3 
18286677 13 
18310884 4 
18497595 2 
18606670 4 
18607330 5 
18805666 5 
18909949 8 
18829021 4 
18517064 1 
18667491 2 
18778460 4 
18960302 4 
18329544 2 
18782799 7 
18555867 1 
18418006 2 
18169110 2 
18409434 2 
18201075 1 
18281269 1 
18729620 1 
18435613 0 
18256109 1 
18771316 1 
18776162 0 
18772929 0 
18468877 1 
18500550 3 
18568359 1 
18427450 0 
18734661 0 
18738558 1 
18666060 1 
18600406 0 
18673386 0 
18137347 0 
18294335 1 
18167226 2 
18159633 1 
18249560 1 
18358765 0 
18487229 2 
18193396 3 
18221988 1 
18464427 5 
18561591 1 
18572529 1 
18910752 1 
18634623 1 
18297088 0 
18151239 0 
18987934 0 
18842066 21 
18129742 1 
18186375 6 
18214034 12 
18265390 2 
18293278 3 
18553261 7 
18558142 10 
18560859 10 
18596069 2 
18617689 4 
18622460 4 
18734797 3 
18815187 11 
18834095 5 
18868649 6 
18976605 4 
18152683 0 
18863815 0 
18137302 1 
18139356 1 
18146831 2 
18171570 5 
18173791 2 
18177617 1 
18182400 2 
18194787 10 
18211782 3 
18214840 4 
18220292 6 
18239588 3 
18249787 1 
18250539 2 
18284182 1 
18288806 5 
18296077 3 
18318233 2 
18338831 1 
18359603 2 
18372442 1 
18427709 1 
18433971 3 
18440416 9 
18445028 1 
18454348 2 
18472784 1 
18490335 1 
18507465 9 
18547727 2 
18553355 4 
18557658 1 
18565213 3 
18583564 5 
18608556 1 
18633659 1 
18634249 1 
18656870 4 
18756940 2 
18764645 3 
18777676 1 
18799169 1 
18852580 2 
18900449 3 
18920735 1 
18168998 0 
18595837 1 
18362750 4 
18434733 0 
18350628 2 
18233822 3 
18653519 0 
18234790 0 
18206164 1 
18356541 2 
18404532 1 
18419130 2 
18454757 2 
18569733 3 
18601916 1 
18726713 2 
18736078 1 
18798229 1 
18819452 1 
18854431 2 
18982668 1 
18858794 2 
18522577 1 
18414849 0 
18509490 1 
18291413 17 
18790388 0 
18309666 0 
64741681 0 
18193789 0 
18905236 4 
18451063 1 
18455093 3 
18682743 3 
18138104 0 
18667791 2 
18465527 2 
18582298 0 
18942116 3 
18479128 1 
18781212 4 
18168728 0 
18491064 1 
18553706 0 
18836502 0 
18921376 4 
18197564 8 
18325813 4 
18414403 5 
18551518 2 
18648365 1 
18791776 6 
18929464 1 
18563495 1 
18892943 1 
18387614 0 
18678957 0 
18423100 1 
18479467 0 
18783017 0 
18191664 0 
18181380 3 
18202703 1 
18456583 2 
18770778 0 
18999841 1 
18157949 2 
18966165 1 
18231496 1 
18165566 3 
18495527 2 
18506837 6 
18281507 4 
18300948 1 
18824245 1 
28652197 1 
18244358 0 
18246847 3 
18228420 2 
18295621 1 
18305089 2 
18309653 2 
18631646 1 
18695916 3 
18394760 1 
18859292 3 
18763428 0 
18127942 0 
18949695 0 
18520923 0 
18130624 1 
49073221 1 
18373361 1 
18506162 1 
18679231 0 
18195000 0 
18407045 4 
18778031 0 
18941983 0 
18501381 0 
18400561 0 
18127251 3 
18147974 5 
18165889 1 
18420475 1 
18424102 5 
18440371 1 
18450413 1 
18522232 2 
18553673 1 
18555730 3 
18612235 2 
18644599 6 
18695623 2 
18710954 2 
18759254 2 
18763550 2 
18802810 4 
18660415 0 
18390213 2 
18622894 3 
18221877 0 
18590277 0 
18181923 1 
18337778 1 
18541668 1 
18374934 2 
18661478 2 
18199146 0 
18521391 8 
18198412 1 
18258178 8 
18280708 5 
18280978 2 
18350982 5 
18390138 6 
18421044 3 
18423472 4 
18633344 3 
18636100 4 
18658832 2 
18691674 2 
18729127 3 
18730849 3 
18773292 1 
18790350 1 
20547019 1 
18968456 0 
18617123 2 
18224213 2 
18396070 0 
18242355 0 
18570188 0 
18323133 2 
18657373 1 
18908187 11 
18840893 0 
18407583 0 
18721759 0 
18700305 0 
18769785 1 
18774199 2 
18744178 0 
18335802 0 
18130932 1 
18134616 1 
18134710 3 
18145395 3 
18149340 1 
18150516 2 
18162779 3 
18168454 2 
18170764 1 
18171858 1 
18174670 2 
18182028 1 
18183264 2 
18188341 1 
18191105 4 
18197230 1 
18199779 2 
18201017 1 
18201438 2 
18206713 1 
18210847 1 
18236326 1 
18237424 2 
18243620 2 
18244440 1 
18254795 1 
18257770 5 
18267076 2 
18270032 1 
18275845 2 
18277364 2 
18279839 3 
18286109 2 
18290103 2 
18294599 2 
18297114 2 
18298338 4 
18302992 1 
18310397 1 
18310791 2 
18315347 2 
18318851 1 
18321260 5 
18322935 1 
18324609 2 
18336277 2 
18336613 1 
18340284 1 
18340694 2 
18348062 1 
18351803 1 
18359274 3 
18371227 3 
18385071 1 
18386288 1 
18401175 1 
18412547 6 
18414349 3 
18420694 2 
18429473 4 
18449101 1 
18455527 1 
18456531 9 
18459590 1 
18478584 1 
18478840 1 
18491464 6 
18495854 2 
18518084 4 
18518989 1 
18525121 2 
18535177 9 
18542245 1 
18546664 1 
18559873 4 
18561867 1 
18591711 1 
18611865 4 
18615174 3 
18623167 3 
18624306 3 
18636799 5 
18637884 9 
18639036 3 
18649126 1 
18664689 2 
18665003 1 
18688715 2 
18694923 1 
18702755 2 
18708567 4 
18712076 3 
18713086 1 
18732887 3 
18747613 2 
18751501 1 
18751970 1 
18762776 3 
18766040 1 
18777671 1 
18781205 2 
18786080 1 
18793159 4 
18799468 2 
18808152 2 
18817703 1 
18829164 1 
18831503 1 
18844424 3 
18847706 1 
18866722 1 
18904520 2 
18917598 1 
18922108 1 
18966520 2 
18975675 1 
18982149 1 
27311010 1 
30032543 1 
18267111 2 
18286505 0 
18431468 1 
65645404 0 
18181875 0 
18351600 2 
18684340 2 
18549573 6 
18636523 4 
18927395 2 
18208354 0 
18767244 0 
18609072 1 
18622869 1 
18731145 6 
18142797 1 
18146434 4 
18433682 3 
18473988 3 
18267571 0 
18769858 1 
18183543 1 
18601192 2 
18529921 0 
18628801 2 
25538471 0 
18726677 0 
18727106 0 
18576537 0 
18433587 2 
18509967 2 
18182237 0 
18469725 1 
18305736 0 
18316926 0 
18956212 0 
18905019 0 
18896081 0 
18667348 0 
18981473 0 
18959288 1 
18394443 6 
18681385 2 
18317833 4 
18645458 4 
18334333 2 
18137723 1 
18430448 2 
18774059 0 
18934393 1 
18471483 5 
20765944 2 
18158396 1 
18264002 2 
18473276 1 
18500031 1 
18602260 1 
18716812 1 
18793171 2 
18831621 3 
18859556 2 
30427881 1 
18780612 1 
18498217 1 
18959875 0 
18421866 2 
18258727 0 
18294221 3 
18485298 0 
18540274 2 
18492975 1 
18759119 2 
18897543 2 
18668896 0 
18206058 0 
18936969 0 
18390940 1 
18217677 2 
18477442 2 
18207006 2 
18767931 0 
18576498 6 
18392954 1 
18823347 1 
18931517 1 
18262508 2 
18393166 3 
18714962 0 
18517504 2 
18315473 1 
18434822 2 
18515272 2 
18571434 9 
18637420 12 
18640971 6 
18655421 3 
18821627 1 
18931705 0 
18724670 2 
18746559 5 
18467810 5 
18774450 0 
18782513 0 
18500275 1 
18829520 2 
18458782 3 
18292044 1 
18565350 0 
18621303 1 
18464473 0 
18484339 9 
18228209 7 
18422846 5 
18804368 7 
18238243 3 
18585528 1 
18242913 0 
18232983 1 
18529990 0 
18445478 4 
18296565 3 
18505134 1 
18255301 3 
18312191 0 
18313342 2 
18136498 10 
18394257 12 
65387185 0 
18780213 2 
18463780 2 
18172905 4 
18926474 2 
18207953 3 
18642469 1 
18758547 0 
18710856 1 
18497820 2 
18307213 2 
18215484 0 
18206878 4 
18637003 2 
18784654 1 
18188326 1 
18336551 1 
18416673 0 
18981769 2 
18503839 6 
18267091 2 
18596617 0 
18512765 2 
18897466 0 
18501535 3 
19338957 0 
18194530 1 
18797330 1 
18204555 0 
18190865 0 
18487585 0 
18704698 2 
18149541 2 
18172369 2 
18186549 1 
18159588 0 
18710601 0 
18148435 1 
18335373 1 
18892147 1 
18250297 1 
18496301 3 
18443607 3 
18630243 1 
18197944 0 
18581266 1 
18726763 0 
18270658 1 
18245709 0 
18999809 0 
18684361 1 
18629807 0 
18899815 0 
18914509 5 
18192437 4 
18672329 2 
18404742 0 
18526683 2 
18271613 2 
18783267 0 
18787916 0 
18972517 0 
18813118 0 
18789071 5 
18213360 0 
18717592 6 
18187045 3 
18248857 5 
18591198 3 
18226951 6 
18301952 0 
18328717 1 
18481113 4 
18142450 5 
18237178 4 
18249951 4 
18360370 1 
18489769 4 
18546085 4 
18563796 2 
18676732 1 
18743091 8 
18743453 1 
18493247 2 
18328188 0 
18360983 2 
18690198 0 
18791763 3 
18295599 1 
18967755 2 
18996821 0 
18805477 1 
19002481 1 
18771655 0 
18598185 0 
18910673 3 
18691754 0 
18449523 1 
18150385 3 
18824830 0 
18212636 0 
18247718 0 
18594481 0 
18190911 0 
18501987 2 
18169589 2 
18591104 1 
18393731 1 
18618371 1 
18799724 0 
18798859 1 
18281273 0 
18694348 0 
18193189 3 
18552630 19 
18144612 0 
32236602 0 
18762978 0 
18160111 0 
18162742 0 
18187444 2 
18158799 2 
18379800 1 
18161332 0 
18553356 0 
18202042 0 
18573128 0 
18659978 0 
18479577 7 
18173578 2 
18244760 5 
18260217 3 
18434717 8 
18455460 1 
18517189 2 
18322409 1 
18143190 2 
18773447 2 
18361135 0 
18779691 1 
18486010 1 
18699981 1 
18272339 0 
18355960 1 
18560148 1 
18897160 0 
18634567 8 
18225966 1 
18269436 3 
18424661 4 
18693886 3 
18797273 0 
18953784 0 
18927379 0 
18372298 0 
18227971 1 
18470902 3 
18215641 7 
18302540 3 
18427592 2 
18217077 0 
18335809 3 
18403152 0 
18423639 4 
18885399 0 
18593181 0 
18191259 1 
18939563 0 
18159066 0 
18226721 1 
18510836 1 
18703059 0 
18669195 1 
18716737 1 
18744681 0 
18876079 1 
18752680 1 
18945641 0 
18179541 0 
18846740 7 
18911078 0 
18257468 1 
18625190 2 
18489101 1 
18556289 2 
18750156 0 
18646101 1 
18291823 0 
18215636 0 
18288660 0 
18282812 0 
18336968 0 
63208856 0 
18262636 0 
18333267 0 
18937201 0 
18616021 1 
18932311 3 
18318596 3 
18600110 3 
18626309 3 
18807059 2 
18511614 0 
18424580 2 
18586285 3 
18903309 2 
18696846 0 
18837030 0 
18959036 0 
18344890 0 
64520048 0 
18966230 2 
18207451 0 
18229472 0 
18961903 0 
18243711 1 
18544741 1 
18864575 1 
18259394 1 
18611721 0 
18223148 0 
18497068 7 
18574956 1 
65534842 0 
18497266 0 
18523537 8 
18537177 0 
18297092 7 
18178010 9 
18229477 5 
18320759 5 
18343795 1 
18391777 2 
18456416 4 
18491010 14 
18510067 4 
18651808 6 
18808673 1 
18813438 1 
18507606 5 
18766709 3 
18481858 0 
18532034 1 
18993395 1 
18128673 2 
18319265 2 
18531489 4 
18540320 2 
18561301 2 
18579454 4 
18588431 3 
18851226 1 
18612036 0 
18948408 0 
18912195 0 
18906300 0 
18726131 1 
18737136 1 
18584815 0 
18666127 1 
18140735 5 
18785714 4 
18571913 0 
18788847 0 
18238364 0 
18438112 1 
18578219 1 
18538440 0 
18406515 0 
54272322 0 
18131361 2 
18140736 1 
18166533 2 
18172164 3 
18204000 1 
18237109 2 
18292055 1 
18295454 1 
18341102 1 
18358555 3 
18369812 3 
18404492 4 
18477077 1 
18490019 1 
18514142 1 
18517238 2 
18561672 3 
18719570 1 
18747558 4 
18845439 1 
18872216 1 
18390782 0 
18326412 1 
18154967 2 
18758749 0 
43695364 0 
18767052 0 
18343178 7 
18567590 1 
18728945 1 
18761438 2 
18218489 0 
18488836 5 
18155888 1 
18243303 6 
18256661 5 
18291655 3 
18326035 3 
18412903 9 
18476013 1 
18509905 4 
18573112 7 
18699639 3 
18278987 0 
18312419 1 
18636825 1 
18210634 0 
18160875 1 
18211700 7 
18220272 2 
18578014 0 
18751093 5 
18560477 1 
18729095 12 
18909760 6 
18779981 0 
18349074 4 
18203773 0 
18142410 0 
18716463 2 
18880816 1 
18646918 0 
18299268 0 
18436312 1 
18691440 1 
18170756 1 
18925837 1 
18643987 0 
18209986 0 
18226350 2 
18680733 3 
18756358 1 
18997635 1 
18141740 0 
18470611 0 
18220597 0 
18812311 0 
18540766 2 
18538976 1 
18634085 6 
18749223 0 
18208652 0 
18706355 0 
18407417 2 
18832304 1 
18893326 3 
18734744 0 
18485673 3 
18505824 1 
18724930 4 
18804771 5 
18235736 3 
18461515 5 
18177016 0 
18597642 1 
18251787 4 
18435707 0 
18993705 0 
18515457 0 
18406158 4 
18363543 0 
18641419 0 
18435888 2 
18291466 2 
18139289 2 
18614457 0 
18740659 0 
18222696 1 
18380223 0 
18765639 0 
18470190 1 
18395385 3 
18577982 1 
18126095 1 
18138230 1 
18141491 2 
18587735 1 
18716996 1 
18624647 1 
18218967 1 
18961547 2 
18590131 0 
18606744 0 
18175821 0 
18358207 3 
18146152 1 
18326008 6 
18378761 2 
18725249 1 
18370312 0 
18655633 0 
18154494 1 
18182488 1 
18195410 1 
18282277 1 
18326506 1 
18362848 1 
18447412 1 
18666844 1 
18708795 1 
18842464 4 
18215460 2 
18233449 4 
18274924 4 
18346745 2 
18416637 3 
18204794 4 
18650482 4 
18140340 0 
18571016 1 
50126811 0 
18755689 1 
18331257 1 
18356463 1 
18358567 4 
18415236 6 
18654299 1 
18229318 3 
18508756 1 
18607270 0 
18412443 1 
18736460 3 
18839594 0 
18830273 0 
18781309 1 
18225633 1 
18730120 0 
18910592 1 
18702158 3 
18775337 2 
18225790 0 
18793147 0 
18691686 0 
18705168 1 
18815361 2 
18334857 0 
18762072 0 
18225225 0 
18445360 1 
18135364 2 
18132089 0 
18336573 0 
18134039 0 
18723852 2 
18804649 0 
18515844 0 
18734236 0 
18766934 5 
18429640 2 
18170977 3 
18222378 0 
18173664 0 
18857134 1 
18699891 4 
18993397 1 
18181303 0 
18142573 2 
18315273 0 
18274714 1 
18367694 1 
18501724 2 
18776220 0 
18369826 1 
18815628 0 
18633009 0 
18268309 3 
18351981 4 
18558052 1 
18591588 1 
18800707 0 
18309180 3 
18346434 2 
18856701 4 
18216752 0 
18953152 0 
18201033 1 
18378081 3 
18306664 4 
18168799 3 
18472837 0 
18653221 0 
18443473 1 
19633363 1 
18836187 0 
18230519 5 
18176677 0 
18592290 2 
18513386 6 
18687370 4 
18921385 0 
18639734 2 
18664552 0 
18896931 0 
18740839 0 
18753297 1 
18167943 2 
18637258 2 
18449497 0 
20688521 3 
18430346 6 
18207558 1 
18305054 0 
18699378 0 
18240516 0 
18569384 0 
18202659 0 
18225486 0 
18761403 0 
18852799 1 
24201346 3 
18926953 0 
18197707 0 
18739982 0 
18909624 1 
18537108 7 
18295117 0 
18243446 0 
18218654 3 
18577448 5 
18607838 2 
18760008 1 
18850047 1 
18865962 1 
18906963 1 
18938807 1 
18670341 0 
18901782 0 
18331528 0 
18602211 0 
18438525 6 
18602823 12 
18635959 5 
18872900 5 
18944043 5 
18248866 3 
18254927 2 
18548761 2 
18592179 1 
18627284 0 
18546072 0 
18720688 2 
18173027 4 
18239233 1 
18426601 0 
18157746 1 
18319800 4 
18313748 0 
18250756 2 
18183463 5 
18493147 4 
57768992 0 
18239455 1 
18712657 0 
23709396 0 
18388495 3 
18573819 1 
18933700 0 
18817433 0 
18511951 0 
18474125 1 
18845313 0 
18135686 2 
18201787 0 
18243284 0 
18262886 0 
18145853 4 
18221966 3 
18254243 3 
18398963 3 
18439546 3 
18582837 4 
18626783 4 
18683187 1 
18687829 1 
18720929 4 
18949058 3 
18937715 0 
18183917 0 
18290649 0 
18142371 2 
18348637 7 
18453534 1 
18456365 1 
18478178 1 
18525784 1 
18558337 18 
18563698 9 
18592070 1 
18618881 1 
18623533 2 
18659273 1 
18751963 1 
18787732 1 
18797302 1 
18816954 2 
18831291 2 
18881645 1 
18909534 4 
18938072 3 
18513696 6 
18179554 12 
18290082 1 
18138157 1 
18605402 1 
18507839 0 
18261906 0 
18960207 0 
18200509 0 
18698927 4 
18819806 1 
18628011 0 
18896151 1 
18648562 2 
18513310 0 
18636235 1 
18925911 1 
18978280 0 
18308371 0 
63564049 0 
18126845 1 
18656604 1 
18338751 0 
18172262 1 
18127957 0 
18347430 0 
18210824 2 
18433141 1 
18439334 2 
18626096 2 
21244226 4 
18492324 4 
18226834 0 
18708841 3 
18462843 1 
44186827 0 
18349011 0 
18903032 4 
18200779 6 
18435913 3 
18750257 9 
18184561 0 
18603652 1 
18620051 4 
18865355 1 
18802308 1 
18946861 0 
18376303 0 
18243170 1 
18453612 1 
18585048 1 
18902889 1 
21588987 4 
18202846 1 
18191182 0 
18428748 1 
18794562 1 
18761897 0 
18712812 1 
18194818 1 
18235742 0 
18548893 0 
18624131 0 
18807593 1 
18145598 5 
18820361 1 
18667222 0 
18514873 0 
18230107 0 
18492209 2 
18279759 1 
66173567 0 
18216591 0 
18549900 0 
18575180 0 
18212591 0 
18401503 0 
18411273 0 
18192214 0 
18268988 1 
18592100 0 
18421632 4 
18333688 0 
18174265 2 
18137404 1 
18250684 2 
18298009 1 
18200176 1 
18282427 2 
18515125 1 
18425173 0 
18136824 0 
18297335 1 
18602959 0 
63758380 0 
18327671 0 
18767286 0 
18138392 3 
18262352 11 
18262412 7 
18586925 2 
18195116 3 
18205449 0 
18145945 1 
18366587 1 
18874097 3 
18233495 9 
18269958 1 
18442199 4 
18231373 1 
18545315 3 
18619308 8 
18807456 0 
18404387 0 
18328101 0 
18483714 0 
18245149 2 
18617129 2 
18806341 0 
18517310 1 
18194990 5 
18364078 1 
18700893 2 
18702992 1 
18906650 0 
18540878 6 
18176955 1 
18127094 0 
18273207 1 
18307380 0 
18480556 0 
18509024 1 
18337683 0 
18267638 2 
18752652 4 
18816982 1 
18571123 1 
18139099 2 
18276100 5 
18146091 5 
18308416 9 
18310063 2 
18327321 6 
18376336 1 
18389754 3 
18403757 1 
18455993 1 
18543679 0 
18234761 1 
18166186 5 
18140154 6 
18157310 1 
18588279 0 
18294841 1 
18190840 1 
55468308 0 
18389172 4 
18201149 0 
18240093 0 
18366349 0 
18288037 1 
18383259 6 
18436700 8 
18457048 2 
18468489 6 
18897457 0 
18885335 0 
18452146 0 
18946160 0 
18404498 0 
18717983 2 
18267597 0 
18666525 0 
18565057 1 
18351865 1 
18297765 1 
18920733 0 
18341058 0 
18130070 1 
18327631 2 
18510752 1 
18694861 7 
18129528 0 
18351581 1 
18573156 6 
18981863 0 
18963021 0 
18303574 0 
18989206 0 
18140837 1 
18372240 1 
18563991 1 
18578237 2 
18567145 1 
18275137 4 
18386160 2 
18505752 8 
18159085 1 
18572818 0 
65133302 0 
18902641 0 
18443585 1 
18348279 2 
18553451 4 
18163700 1 
18647233 2 
18246545 0 
42838544 0 
18327992 0 
18403438 4 
18170255 2 
18234083 1 
18619979 0 
18848001 3 
18463216 3 
18641836 2 
18646907 5 
18302505 0 
18654363 0 
18656276 0 
55723804 0 
18581150 0 
18509403 0 
18270750 0 
18521303 1 
18177038 3 
18948316 0 
18450240 3 
18528230 1 
18724618 1 
18923741 0 
18180590 1 
18967447 0 
18138440 1 
18227088 0 
18523091 1 
18460984 0 
18240387 0 
18831894 0 
18158988 10 
18362769 1 
18422619 7 
18459245 12 
19085436 4 
19092751 3 
18262088 1 
18571780 0 
18709112 0 
18790823 0 
18841746 2 
18355618 1 
18490058 2 
18504447 2 
18513221 4 
18312334 0 
18412995 0 
18632045 3 
18186507 1 
18317023 2 
18397585 2 
18441335 1 
18680328 1 
18717297 5 
18762609 1 
18507029 1 
18268293 1 
18817396 0 
18684373 1 
18423807 1 
18593834 0 
18398987 2 
18621643 1 
18166688 2 
18221823 5 
18842437 2 
18899796 0 
18443699 0 
18859077 1 
18822615 1 
18834779 2 
18540814 3 
18336169 6 
18817126 4 
18362042 2 
18287752 1 
18772999 0 
18406297 0 
18874964 1 
18278552 1 
18492970 2 
18909257 2 
18260635 0 
18455087 4 
18449663 2 
18195481 2 
18622818 2 
18937708 1 
38660793 0 
18513844 2 
18873892 1 
19000274 0 
18464181 1 
18564424 2 
18628769 7 
18846088 2 
18466938 0 
18900392 1 
18262659 1 
21220802 0 
18156806 0 
18736476 1 
18185697 2 
18220054 1 
18885086 1 
18225940 0 
18820221 0 
18779558 3 
18686179 0 
20260345 4 
18197319 4 
18825732 1 
18651773 2 
18773005 3 
18485514 0 
18747527 0 
18836933 5 
18366419 0 
56339204 0 
18657071 0 
18647776 1 
18780567 1 
18379650 1 
18300192 0 
18395296 0 
18629665 1 
18161100 1 
18346967 0 
18127548 4 
18157489 0 
18196927 1 
18590943 1 
18304533 0 
18751240 0 
18747492 0 
18603768 0 
18337406 1 
18491261 0 
18150709 2 
18217587 1 
18408306 4 
18463106 4 
18464406 1 
18568350 1 
18510248 0 
18220052 0 
18889369 0 
18177177 1 
18130514 0 
18721936 0 
18662902 0 
18202839 1 
18257051 2 
18425602 3 
18592457 2 
18788070 2 
18806405 2 
18835529 1 
18910321 0 
18331214 0 
18418133 0 
18787734 0 
36106820 0 
18149083 0 
18270103 23 
18270624 15 
18425595 4 
18447095 4 
18552493 13 
18590609 11 
18600893 9 
18702863 3 
18716030 13 
18718002 2 
18721173 5 
18722968 21 
18727834 16 
18762124 8 
18762590 16 
18763336 8 
18763696 3 
18765581 16 
18771830 3 
18898111 13 
18173720 6 
18392870 6 
18245274 3 
18555779 1 
18194778 0 
18325104 1 
18287640 1 
18434100 0 
18152363 3 
18192178 5 
18195937 1 
18206111 2 
18593344 3 
18822612 5 
18848434 2 
18865635 6 
20329182 8 
18132880 1 
18255148 0 
18749075 2 
18671789 3 
18849686 1 
18359158 3 
18473861 4 
18535149 8 
18976501 2 
18221749 1 
18284282 2 
18294223 3 
18316735 4 
18413182 6 
18713887 2 
18743044 1 
18849545 4 
18970032 3 
18208991 0 
18552210 0 
18609775 1 
18750259 0 
18298804 0 
18892651 0 
18958003 4 
18866681 0 
18703534 0 
18292403 1 
18882020 0 
18528707 0 
18493875 3 
18541756 3 
18586913 2 
18638586 3 
18432395 0 
18130574 8 
18148272 3 
18251154 8 
18277421 6 
18575047 1 
18836353 5 
18987655 1 
18385212 0 
18209370 2 
18784642 0 
19174251 0 
18679574 0 
18440174 6 
18679703 1 
18228083 1 
18720918 1 
18726942 0 
18713666 7 
18152205 0 
18510539 1 
18133899 0 
18452434 3 
18596079 4 
18219010 0 
18275490 0 
18425506 0 
18430620 0 
18164290 12 
18168005 2 
18253290 2 
18327295 2 
18388515 1 
18405034 3 
18461730 3 
18689946 2 
18701842 3 
18748292 1 
18490733 4 
18578224 0 
18439061 0 
18605788 0 
18937495 0 
18874868 0 
18136192 1 
18473906 0 
18628301 0 
18185653 1 
18660850 1 
18954172 0 
18949647 1 
18641734 1 
18148156 0 
18243006 3 
18590619 1 
18647301 2 
18681515 1 
18276435 0 
18968417 0 
18347165 0 
18765298 1 
18788015 3 
18968958 0 
18174898 0 
18143166 2 
18501814 3 
18531293 2 
18587431 5 
18683120 1 
18820207 2 
18508646 0 
18172356 4 
18436025 2 
18506826 1 
18763426 1 
18866237 1 
18644328 1 
18189237 1 
18526538 1 
18732075 0 
18480524 2 
18198357 3 
18259195 4 
18164804 1 
18639671 7 
18682196 2 
18448289 1 
18480846 2 
18553107 2 
18357405 2 
18631703 1 
18176760 0 
18172412 0 
18489116 3 
18480979 1 
18993437 1 
18323373 4 
18410934 1 
18736652 0 
18766727 3 
20998647 1 
18933832 7 
18261109 1 
18495779 3 
22487381 3 
18144799 6 
18168324 0 
18319808 1 
63134760 0 
18142394 0 
18865002 0 
18467858 0 
18677321 1 
18887740 0 
18726631 0 
18274715 0 
18332331 0 
18487541 0 
18169302 3 
18171765 4 
18397445 3 
18519494 2 
18731815 2 
18478372 0 
18502840 1 
18456166 5 
18440479 8 
18518319 0 
18129159 4 
18393697 0 
18190748 0 
18945644 0 
18331426 1 
18745523 5 
18159833 1 
18572512 1 
63208473 0 
18554361 0 
18212352 0 
18482057 1 
18539631 1 
18276160 0 
18210790 0 
18175962 1 
18358060 1 
18827552 2 
19539427 1 
18777389 0 
18585599 3 
18590033 2 
18751875 7 
18126162 0 
18233105 0 
18955587 0 
18615027 0 
18853613 0 
18137480 0 
18774143 2 
18805733 2 
18763533 0 
18264975 3 
18296884 2 
18604016 0 
18514250 0 
18260121 1 
18859278 1 
62894705 0 
18149142 0 
60095108 0 
18758536 0 
18132397 1 
18229335 8 
18785182 2 
18913509 7 
18142917 0 
18175122 1 
18204351 1 
18704200 0 
18507261 0 
18365068 8 
18150701 3 
18364430 1 
18255220 0 
18293769 0 
18172428 0 
18566627 0 
18221441 0 
18577524 2 
18247782 0 
18695054 0 
18196410 1 
18462765 3 
18761602 3 
18474156 0 
18338973 1 
18889063 0 
18640520 1 
18143526 5 
18211417 4 
18538941 5 
18245772 2 
18847192 14 
18760116 8 
18269474 0 
18715702 0 
18448063 1 
18800593 1 
18193628 1 
18912241 3 
18753180 1 
18348058 0 
18282329 1 
18736601 0 
18168873 0 
18418728 1 
18417190 1 
52516478 0 
18502694 0 
18199658 2 
18228855 2 
18228289 0 
18929683 0 
18342202 0 
18329560 1 
18838035 0 
18421506 3 
18152913 2 
18964292 1 
18132330 0 
18270653 2 
18812295 0 
18965443 1 
18276639 12 
18593513 2 
18488056 0 
18528383 0 
18671467 0 
18611466 0 
18957957 5 
18942376 3 
18738020 1 
18427541 0 
18306702 0 
18638353 0 
18588443 0 
18807864 0 
18716458 8 
18722477 11 
18764589 4 
18716273 15 
18524452 3 
18581436 2 
18382918 1 
18740471 1 
18171546 2 
61328142 0 
18708608 0 
18787586 1 
18800370 2 
45689908 0 
18507505 1 
18634125 0 
18168275 0 
18327586 0 
18692329 0 
18622063 1 
18186117 1 
18204725 2 
18545627 2 
18541360 0 
18355994 0 
18860472 0 
18500291 1 
18749420 0 
18212205 0 
18909241 1 
18882903 0 
18242061 2 
18737202 1 
18266388 0 
18483371 0 
18977822 1 
18220271 4 
18681494 1 
18432033 0 
18858454 0 
18198123 0 
18606691 0 
18441690 0 
18758646 0 
18888195 0 
18169469 1 
18194861 2 
18352761 0 
18530014 0 
18194546 0 
18581948 0 
18745857 1 
18479165 2 
18845413 1 
18401332 8 
18440195 3 
18640926 1 
18853572 8 
18982790 3 
18406170 0 
18417599 0 
18710635 8 
18715024 12 
18812947 5 
18438362 1 
18617717 2 
18728200 7 
18817547 5 
18943190 1 
18747993 0 
18761648 0 
18338545 0 
18451766 0 
18215908 0 
18648646 0 
18770275 0 
18177180 2 
18464393 1 
18899667 0 
18559550 0 
20323737 1 
18212839 3 
18489886 1 
18224194 1 
18655523 2 
18229440 0 
18948117 0 
18514311 0 
18908861 0 
18794024 6 
18176668 0 
18638681 2 
18142541 0 
65149592 0 
18423977 0 
18356789 0 
18282716 1 
18564750 1 
18571417 1 
18646200 3 
18648572 4 
18667207 1 
18672605 1 
18695781 1 
18525171 0 
18218285 0 
18210167 1 
18234357 2 
18768977 0 
18208409 0 
18586031 0 
18182568 1 
18283120 1 
18270856 0 
18318124 1 
18456943 2 
18645615 0 
18642376 0 
18194863 2 
19837716 0 
18370656 1 
18264934 0 
18667745 0 
18145486 2 
18680776 3 
18846571 2 
18573574 2 
18886007 2 
18329118 0 
18185841 1 
18618944 0 
18136191 0 
18193312 0 
18260973 1 
18681046 0 
18502395 0 
18733855 1 
18409578 3 
18348824 0 
18793442 0 
18200372 0 
18901326 0 
18217860 3 
18204778 4 
64648089 0 
18801344 0 
18861361 0 
18759874 0 
18196249 1 
18264809 1 
18780980 1 
18187753 0 
18478762 2 
18615777 1 
18147941 0 
18792826 1 
18331782 1 
18562065 0 
18364739 1 
18198367 3 
18706924 2 
18446314 0 
18254176 0 
18598878 2 
18143637 1 
18501886 0 
18405998 0 
18805216 0 
18385084 0 
18268410 1 
18427611 2 
18485105 0 
18635325 0 
18198577 0 
18469843 1 
18650849 0 
18236716 0 
18181711 1 
18723501 3 
18560231 1 
18237636 0 
18442329 0 
18788372 0 
18202088 3 
18244889 1 
18524353 7 
18617574 1 
18977516 1 
18711282 0 
61927520 0 
18371010 5 
18351799 2 
18424406 2 
18702324 2 
18722215 1 
18825039 2 
18781879 0 
18945666 1 
18769169 1 
18192654 2 
18910824 2 
18310020 0 
18347200 0 
18191388 0 
18795322 0 
18155531 12 
18227525 8 
18462738 3 
18922332 1 
18261752 0 
18206547 0 
18496969 0 
18333335 0 
18968631 0 
18435430 0 
18760893 0 
18874255 0 
18376871 3 
18334804 0 
18431226 1 
18361955 3 
18580086 1 
18240837 1 
18500811 1 
18234805 0 
18734243 4 
18692842 1 
18909758 0 
18909684 0 
18178558 1 
18518705 2 
18526005 1 
18563067 2 
18674614 1 
18712958 3 
18775042 4 
18232817 0 
18778961 0 
64322428 0 
57989310 3 
18540335 0 
18797891 0 
18796900 1 
18493310 0 
18415373 2 
18528260 1 
18596840 0 
18192439 1 
18432195 0 
18148516 2 
18544001 5 
18629999 0 
18222066 0 
61935528 0 
18804370 0 
18732750 0 
18540297 0 
18157816 0 
18735906 2 
18645842 0 
18660595 6 
18509943 0 
18499276 0 
18163111 2 
18709151 7 
18493702 1 
18847857 8 
23619919 2 
18135733 3 
18321769 2 
18382814 1 
18626746 1 
18769790 5 
18622584 0 
18234522 0 
18749136 3 
18439528 3 
18496515 7 
18620171 4 
18829933 0 
18148798 0 
18210658 0 
18565234 2 
18472695 0 
18678244 0 
18903180 0 
18252650 1 
18245004 2 
18643531 3 
18378044 0 
18168429 0 
18155681 1 
18619655 2 
18630326 2 
18704855 1 
18196217 0 
18770575 0 
18526784 1 
18792542 0 
18393162 3 
18657997 3 
18681328 1 
18799570 0 
18314241 2 
18915134 0 
18298002 4 
18325201 7 
18905015 2 
18910095 6 
18399099 1 
18958515 2 
18736723 2 
18899342 4 
18524942 0 
26000625 0 
18679353 0 
18194726 1 
18744062 0 
18300476 0 
18218299 1 
18519860 1 
18332536 0 
18545093 1 
18206161 0 
18230590 0 
18991423 0 
18402968 1 
18477387 0 
18450132 0 
18255785 1 
18264808 0 
18757497 1 
31222891 1 
18240747 0 
18939115 0 
18692413 0 
18600025 0 
18170258 0 
18589596 0 
18542382 1 
18469259 3 
18474959 1 
18525130 1 
18542697 2 
18650037 3 
18740821 1 
41683247 2 
18486091 1 
18500363 1 
18629339 0 
18148898 2 
18947925 1 
18744546 0 
18227535 1 
18225084 1 
18519871 0 
18956040 0 
18559386 0 
18692089 1 
18174210 5 
18408045 1 
18608320 1 
18154925 0 
18425366 3 
18264081 1 
18272746 1 
18703112 0 
18931823 0 
18273976 3 
18518769 4 
18731027 2 
18776628 1 
18940543 1 
18422694 0 
18131396 1 
18155180 5 
18171105 5 
18194468 2 
18194735 3 
18298040 2 
18319409 2 
18343694 4 
18464949 1 
18653265 4 
18716819 5 
18722443 4 
18729871 2 
18731908 3 
18758101 5 
18761381 4 
18783060 6 
18791598 2 
18830648 1 
18833431 1 
18845531 4 
18162573 0 
18218821 0 
18756130 0 
63283968 0 
18460724 2 
18168823 1 
18886527 0 
18399439 0 
18481912 4 
18291483 1 
18484276 1 
18568240 0 
18447687 1 
18428510 0 
25771699 1 
18909502 2 
18162198 0 
18148907 0 
18487771 0 
18427654 0 
18387372 1 
18385642 1 
18533412 0 
18607744 1 
18692055 5 
18337503 1 
18934085 0 
18955739 0 
18853278 0 
18948060 0 
18586611 0 
18180357 2 
18225348 0 
18599248 1 
18424289 0 
18131127 0 
18365767 0 
18185945 2 
18590702 2 
18734843 1 
18407784 0 
18212079 2 
18664400 2 
18872026 1 
18424136 0 
18149465 0 
18842386 0 
18605451 0 
18130837 0 
18158887 1 
18715577 1 
18510755 0 
24403522 0 
18816720 0 
18266811 1 
18957805 0 
18375613 1 
18234078 2 
18533235 0 
18442390 0 
28256080 0 
18763137 0 
18766698 0 
18663940 0 
18524301 0 
18549868 1 
18855226 1 
18782222 1 
18203251 0 
18253226 0 
18420681 0 
18645380 2 
18299443 0 
18503647 0 
18270085 2 
18162006 3 
18210592 1 
18234677 1 
18177933 0 
18783433 2 
18300176 4 
18702116 2 
18413163 0 
18543098 0 
18410514 0 
18374281 0 
18801680 1 
18366373 0 
18580425 0 
21232209 0 
18415375 3 
18295597 1 
18742746 5 
18151649 0 
18898715 3 
18729940 0 
18810655 2 
18531868 3 
18851640 3 
18875947 2 
18691882 0 
18224547 3 
18615373 2 
18615517 2 
18598585 0 
18238951 2 
18750855 3 
51829432 1 
18786919 1 
18257526 1 
18594439 2 
18515933 1 
18306937 0 
18519658 0 
18130641 0 
18530654 4 
18948387 0 
18222481 0 
18220295 0 
18475928 1 
18173961 2 
18448410 3 
18458253 2 
18589736 2 
18721648 2 
18691870 1 
18213003 2 
18668342 2 
18795124 0 
18347936 2 
18340087 0 
18567065 0 
18782400 1 
45330696 0 
18541092 3 
18126243 3 
18128940 3 
18583412 2 
18735792 6 
18235197 0 
18754833 1 
18575345 1 
18385898 0 
18819712 1 
18142375 1 
18507667 0 
18669172 0 
18169084 0 
18270575 0 
18326701 2 
18710715 3 
18247453 0 
18372615 0 
18630890 2 
18343637 1 
18171786 0 
18424526 0 
25768882 0 
18250357 0 
18454539 0 
18324428 0 
18542755 0 
18466326 2 
18284026 0 
18414222 3 
18367347 1 
18324261 2 
18631358 1 
18213483 0 
18432649 4 
18414258 0 
18453099 0 
18775851 3 
18555350 1 
18195951 1 
18398964 4 
18772345 1 
18764924 3 
18278257 1 
18288948 1 
18295401 0 
30271086 0 
18665942 0 
18310174 1 
18132877 0 
18825193 0 
18142223 3 
18472817 1 
18552677 0 
18275759 0 
18476689 2 
18792805 1 
18393370 0 
18727004 3 
18479433 0 
18161765 0 
18332418 0 
18900052 1 
18448086 0 
18213223 0 
18425122 0 
18159423 0 
18966461 0 
18743414 0 
18964077 1 
18501368 0 
18266950 0 
18626508 0 
18808588 2 
18326207 0 
18466780 0 
18422368 0 
18758693 0 
18580432 1 
18227169 1 
18723724 0 
18809599 1 
18914812 1 
18143988 1 
18193244 0 
18978596 0 
18244273 0 
18182671 0 
18649405 0 
18363597 1 
18430327 0 
18996712 0 
18544610 0 
18298198 1 
18392496 1 
18163832 1 
18224658 1 
18140988 0 
65136421 0 
18441747 0 
18421349 0 
18783311 0 
18981570 0 
18540584 1 
18245817 1 
18697941 0 
18134642 3 
18152115 2 
18189926 2 
18191447 1 
18219852 4 
18354123 3 
18433488 3 
18479079 4 
18655130 1 
27810561 1 
18165149 0 
18412018 0 
18306708 0 
18619282 0 
18324478 0 
18959241 0 
18792823 2 
18477494 0 
18382220 0 
18685515 0 
18146481 2 
18243559 0 
18187804 1 
18477372 3 
18415873 0 
18197668 1 
18381251 0 
18585135 1 
18204419 0 
18207568 0 
18222210 0 
18167813 0 
18724205 0 
18342406 0 
18167229 0 
18264973 1 
18473872 0 
18145999 1 
24366028 0 
18197621 0 
18357831 2 
18920834 0 
18360312 1 
18896100 0 
18295540 0 
18585293 2 
18757343 0 
18205792 3 
18540649 1 
18934744 0 
18376731 0 
25683495 0 
18208940 0 
18546813 3 
18869513 1 
18429744 0 
18722502 1 
18863876 0 
18691124 0 
18606634 0 
67525286 0 
18280042 0 
18630394 0 
18551911 1 
18500170 0 
18883262 1 
18165049 0 
18751947 0 
18261033 1 
18584419 0 
18175164 0 
18629659 0 
18250476 1 
18450821 0 
18141690 1 
18276796 1 
18327285 1 
18418241 6 
18420816 2 
18532996 1 
18557666 1 
18581101 1 
18609618 1 
18615234 1 
18656558 1 
18690153 1 
18916680 3 
18952949 2 
18587479 0 
18903928 0 
18630671 1 
18460269 6 
18327007 4 
18131988 1 
18731731 0 
18833204 0 
18958937 2 
18537506 0 
18410549 0 
18927862 1 
18680100 1 
18149000 0 
18369587 0 
18375311 2 
18142737 1 
18973235 1 
18954978 0 
18514808 0 
18926451 0 
18270661 0 
18616054 1 
18622111 0 
18759234 1 
18769639 2 
18999830 0 
18533670 4 
18710600 1 
18804623 4 
18909664 4 
18352504 2 
18899446 2 
18424282 1 
18481711 0 
18854393 0 
18800255 0 
18822142 0 
18675926 2 
18190552 2 
18138463 2 
18172709 2 
18191941 2 
18438556 0 
18557140 0 
18166111 1 
18198145 2 
18580760 2 
18733310 1 
18419133 0 
18652307 0 
18139568 3 
18566351 3 
18807366 0 
18243488 3 
18814574 1 
18611756 0 
18919470 0 
18791472 3 
18710889 0 
18680963 1 
18235204 2 
18239262 4 
18346517 2 
18187373 0 
18850693 0 
18943385 0 
18777880 0 
18707212 1 
18773928 1 
18975958 0 
18484931 5 
18166042 1 
18968138 1 
18464803 0 
18279905 0 
18337130 1 
18126945 1 
18139472 2 
18696837 3 
18744662 1 
18755762 5 
18837781 1 
18919382 5 
54886990 0 
18859274 1 
18527539 0 
18212728 0 
18132494 1 
18144686 1 
18197050 1 
18504804 2 
18848342 2 
18198091 2 
18653223 2 
19028925 3 
18141471 0 
18361073 1 
18523571 0 
18322998 4 
18528554 2 
18575364 1 
18235817 0 
18247272 1 
62034416 0 
18783816 0 
18327877 0 
66085379 0 
18497382 0 
18308042 0 
18220372 0 
18302163 1 
18406927 0 
18160970 0 
18898655 0 
18320745 9 
18945478 0 
18816067 4 
18206914 4 
18316130 1 
18353809 2 
18354169 2 
18287241 2 
18276060 2 
18445879 0 
18417628 0 
44451472 0 
18762109 0 
18637015 0 
18253697 0 
18534725 4 
18617559 1 
18690285 4 
18589092 1 
18427000 1 
18222739 1 
18610788 1 
18753482 1 
18313689 0 
18918674 0 
18488766 3 
18384864 2 
18132688 0 
18267643 2 
18908257 1 
18742284 0 
65794490 0 
18639239 0 
18804752 2 
46499475 0 
18254731 1 
18296588 1 
18426913 0 
18695726 0 
66231051 0 
18904451 0 
18736269 2 
18785351 1 
18223925 0 
18340859 0 
18922417 0 
18353414 1 
18157775 1 
18274730 1 
18270091 0 
18275201 0 
18629224 1 
18391674 0 
18762429 0 
18850368 1 
18292002 1 
18686681 1 
18657486 0 
18415754 1 
18734526 0 
18266535 0 
18288339 0 
18632904 0 
18834709 1 
18765554 1 
18227514 1 
18727466 0 
18822413 0 
18688825 0 
18802290 0 
18853723 0 
18710863 3 
18611127 0 
18178539 1 
18964696 3 
18156340 0 
18763527 0 
18767506 0 
18806621 1 
18375021 0 
18542199 0 
18778337 0 
18373945 0 
18131142 1 
18407173 1 
18742991 1 
18927928 2 
18154165 2 
18191637 1 
18204078 1 
18256937 2 
18774342 8 
18843588 4 
18242353 2 
18198721 1 
18243990 1 
18228637 2 
18394374 0 
18817528 0 
18757860 0 
18342643 1 
18553584 1 
18428527 1 
18833616 0 
18969273 2 
18974290 1 
18332733 0 
18231305 0 
18425777 1 
18718845 0 
18810681 0 
18126662 2 
18128281 3 
18138897 2 
18158928 2 
18168148 4 
18180104 5 
18182819 1 
18197971 6 
18201225 3 
18210494 2 
18212070 1 
18234125 1 
18257248 1 
18267778 1 
18275639 2 
18310042 1 
18310243 1 
18319720 2 
18337937 7 
18339714 2 
18346027 5 
18352379 4 
18353703 1 
18354034 2 
18361145 1 
18361568 1 
18392225 1 
18400685 1 
18406541 2 
18416570 2 
18428072 4 
18438643 1 
18440436 2 
18446904 3 
18453195 2 
18485019 3 
18504709 1 
18530610 4 
18530651 2 
18577740 1 
18593363 2 
18644335 1 
18656352 1 
18720510 1 
18733795 1 
18737585 1 
18752726 1 
18787542 2 
18816262 1 
18851669 2 
18910220 1 
18921653 1 
18330758 0 
18541994 0 
18838602 1 
18236900 0 
18898232 4 
18620075 2 
18693871 2 
18800796 2 
18225967 1 
18489025 0 
18808967 0 
18429717 1 
18909524 0 
18390843 0 
18516124 0 
18213770 0 
18733132 2 
18763641 1 
18708875 0 
18203782 4 
18546303 1 
18729925 3 
18723114 0 
18741652 0 
18317370 0 
18318324 0 
18385455 0 
18188432 2 
18249923 0 
18548053 0 
18231301 2 
18248072 1 
18404475 0 
18572967 0 
18345568 1 
18732045 3 
18498224 0 
18242361 0 
65485548 0 
18433231 0 
18502903 3 
18346955 1 
18314384 0 
18505346 1 
18540302 4 
18548506 3 
18244812 0 
18521136 3 
18505650 8 
18278499 0 
18452885 0 
18237863 0 
18884768 1 
18865450 0 
18771703 1 
18361492 1 
18724688 1 
18808962 0 
18485436 0 
18938835 0 
18735317 0 
63177949 0 
18349246 1 
18374442 2 
18400061 1 
18422301 1 
18463276 4 
18744845 1 
18460951 1 
18784499 1 
18587413 0 
18207302 0 
18253205 1 
18465145 2 
18526102 2 
18205463 0 
18306809 1 
18918915 1 
18926223 2 
18128072 3 
18922380 0 
18390119 2 
18656509 2 
19000474 0 
18957466 0 
18607705 1 
18312649 1 
18223354 0 
18132618 0 
18917726 0 
18142557 4 
18387237 1 
18520456 7 
21956416 2 
18733262 0 
18612620 0 
18759950 0 
18583905 1 
18247062 1 
18222608 4 
18452560 2 
18586683 1 
18742038 1 
18906553 1 
18432487 1 
18699043 1 
18799997 2 
18142856 0 
18321034 3 
18275737 3 
18281536 1 
18539596 1 
18648378 0 
18612010 0 
18287075 2 
18637994 0 
18152728 1 
18327042 1 
18991914 1 
18550456 0 
18792813 0 
18754867 0 
18540539 0 
18225452 3 
18211454 6 
18138767 2 
18450876 0 
55890900 0 
62320462 0 
