
 18834505 
1239722963 

 18668388 
1236875176 

 18671401 
1236876067 

 18728950 


 18769702 


 18942053 
1242150697 

 18335419 


 18266608 


 18185185 


 18406221 


 18757602 


 18702602 


 18794995 


 18185267 


 18265550 


 18506975 


 18652500 


 18513825 


 18273701 


 18305066 


 18740738 


 18825474 


 18552959 


 18189913 


 18290031 


 18639416 


 18834912 
1234637642 1236890532 1236894299 1237207891 1237207994 1237209497 1237224807 1237238922 1237259047 1237295291 1237309083 1237404415 1237406032 1237457813 1237473191 1237473982 1237496685 1237553646 1237554779 1237825913 1237844076 1237852489 1237854307 1237898273 1237907031 1237923333 1237950186 1237987918 1238030366 1238086772 1238122314 1238126870 1238416619 1238433511 1238477539 1238497302 1238501280 1238519759 1238522906 1238600889 1238700085 1238700356 1238701137 1238716051 1238719400 1238933428 1238948202 1238957160 1238959937 1239017612 1239023831 1239028503 1239034433 1239103828 1239106064 1239113277 1239188676 1239189610 1239201668 1239210772 1239212812 1239243481 1239275352 1239280619 1239283078 1239388410 1239615513 1239618806 1239630779 1239636904 1239650739 1239650797 1239682183 1239692014 1239729081 1239730702 1239737258 1239805620 1239808869 1239845581 1239894981 1239929967 1239996122 1240148403 1240280426 1240337289 1240366740 1240418530 1240488165 1240497605 1240497683 1240919650 1240945509 1241007105 1241010548 1241027657 1241032713 1241033769 1241094282 1241099795 1241107059 1241113673 1241143735 1241143839 1241184987 1241187508 1241191583 1241192480 1241206405 1241355907 1241438800 1241447554 1241459110 1241460659 1241462353 1241526366 1241546334 1241554209 1241558457 1241612484 1241626159 1241710220 1241715893 1241730804 1241742258 1241748042 1241752234 1241778259 1241788968 1241809684 1242040551 1242064237 1242119128 1242126182 1242128175 1242137304 1242156422 1242240104 1242308032 1242318267 1242389033 1242395663 1242396824 1242660371 1242662800 1242662923 1242677771 1242687775 1242688553 1242734138 1242758841 1242778553 1242781568 1242810373 1242827004 1242865938 1242866284 1242871158 1242897051 1242921936 1242928067 1242961289 1243018749 1243252821 1243262346 1243375783 1243381888 1243415515 1243434314 1243439888 1243473611 1243515049 1243517481 1243517636 1243520673 1243533377 1243546427 1243564610 1243600233 1243600749 1243703747 1243879687 1243938881 1243951455 1243955377 1243961739 1243963871 1243996265 1244026528 1244032414 1244038948 1244042734 1244108811 1244108907 1244118857 1244133160 1244147078 1244167500 1244235118 1244460019 1244466937 1244475510 1244490779 1244502484 1244563096 1244567316 1244573980 1244633652 1244657368 1244711058 1244738498 1244741776 1244817140 1244817208 1244819346 1244821966 1244826931 1245067611 1245068149 1245072925 1245073152 1245087235 1245171472 1245248964 1245250370 1245256623 1245257314 1245265250 1245317472 1245317928 1245331687 1245344223 1245350459 1245428418 1245429153 1245430013 1245432543 1245682554 1245682586 1245683210 1245718168 1245772270 1245776635 1245778987 1245782590 1245803010 1245847301 1245931705 1245937079 1245940494 1245948768 1245958143 1245959862 1245966447 1245976597 1246036845 1246052048 1246198810 1246290691 1246296487 1246296653 1246322163 1246366934 1246368796 1246377001 1246381592 1246402371 1246460800 1246472512 1246485515 1246502947 1246507239 1246586447 1246638404 1246642683 1246825491 1246882975 1246885450 1246898603 1246901775 1246930161 1246933979 1246983165 1246991044 1246997590 1247070645 1247071921 1247160309 1247170575 1247182308 1247250231 1247257451 1247313851 1247502685 1247780119 1247784891 1248121201 1248292431 1248347497 1248365773 1249065905 1249590901 1249878260 1250681449 

 18917069 


 18851007 


 18170887 


 18726019 


 18699512 
1242135407 

 18809624 


 18283280 
1232370890 

 18531690 
1239640916 

 18732799 


 18826274 


 18739765 


 18709570 


 18913179 


 18243287 


 18215347 


 18891923 


 18226567 
1237380787 

 18286677 
1246200577 

 18310884 
1236782682 

 18497595 


 18606670 
1237004710 1238322482 1241114625 1244217261 

 18607330 
1242151155 1242325974 

 18805666 


 18909949 
1232662576 

 18829021 


 18517064 


 18667491 


 18778460 
1236782799 1237214891 1245188563 

 18960302 


 18329544 


 18782799 


 18555867 
1244995334 

 18418006 


 18169110 


 18409434 


 18201075 
1232722640 

 18281269 


 18729620 


 18435613 


 18256109 
1235772163 1236353063 1236968708 1239201589 

 18771316 


 18776162 


 18772929 


 18468877 


 18500550 


 18568359 


 18427450 


 18734661 


 18738558 


 18666060 


 18600406 


 18673386 


 18137347 


 18294335 


 18167226 


 18159633 


 18249560 
1237062438 

 18358765 


 18487229 
1231658815 1231951432 1236119945 1238012105 1238182554 

 18193396 


 18221988 


 18464427 


 18561591 


 18572529 


 18910752 


 18634623 


 18297088 


 18151239 


 18987934 


 18842066 


 18129742 


 18186375 


 18214034 


 18265390 


 18293278 


 18553261 


 18558142 


 18560859 


 18596069 


 18617689 


 18622460 


 18734797 


 18815187 


 18834095 


 18868649 


 18976605 


 18152683 


 18863815 


 18137302 


 18139356 


 18146831 


 18171570 


 18173791 


 18177617 
1238924106 

 18182400 


 18194787 
1231183023 1231183522 1232567001 

 18211782 
1243846961 

 18214840 
1242650912 1243718395 1244476753 1244720229 1247582915 1250364755 

 18220292 


 18239588 


 18249787 


 18250539 


 18284182 


 18288806 


 18296077 


 18318233 


 18338831 
1233079371 

 18359603 


 18372442 


 18427709 


 18433971 


 18440416 


 18445028 


 18454348 


 18472784 


 18490335 


 18507465 


 18547727 


 18553355 


 18557658 


 18565213 


 18583564 
1250107139 

 18608556 


 18633659 


 18634249 


 18656870 
1236946106 

 18756940 


 18764645 


 18777676 


 18799169 


 18852580 


 18900449 


 18920735 


 18168998 


 18595837 


 18362750 


 18434733 


 18350628 


 18233822 


 18653519 


 18234790 


 18206164 


 18356541 


 18404532 


 18419130 


 18454757 


 18569733 


 18601916 


 18726713 
1236884715 1238165912 1238244918 1238695241 1241451632 1241457715 1241485763 1241695078 1242046358 1242065472 1242129599 1242236439 1242240527 1242254446 1242327145 1242328486 

 18736078 


 18798229 


 18819452 


 18854431 


 18982668 


 18858794 


 18522577 


 18414849 


 18509490 


 18291413 


 18790388 


 18309666 


 64741681 


 18193789 


 18905236 


 18451063 


 18455093 


 18682743 


 18138104 


 18667791 
1242276831 1242282015 1243246808 1243590674 1244183318 1244787342 1245059209 1245126795 1245128007 1245133665 1245218468 1245232563 1245232575 1245235386 1245300471 1245305750 1245324680 1245737451 1245758667 1245925299 1246004234 1246004925 1246599433 1246603024 1246609450 1246613038 1246856143 1248709269 1248760163 

 18465527 
1241973346 

 18582298 


 18942116 
1234383038 

 18479128 
1239628402 1239716004 

 18781212 


 18168728 


 18491064 


 18553706 


 18836502 


 18921376 


 18197564 


 18325813 
1232408524 

 18414403 


 18551518 


 18648365 


 18791776 


 18929464 


 18563495 


 18892943 


 18387614 


 18678957 


 18423100 


 18479467 


 18783017 


 18191664 


 18181380 
1247246538 1247257448 1247699071 1249440253 

 18202703 


 18456583 
1234378372 

 18770778 


 18999841 


 18157949 


 18966165 


 18231496 


 18165566 


 18495527 


 18506837 


 18281507 


 18300948 


 18824245 


 28652197 


 18244358 
1239967774 

 18246847 


 18228420 


 18295621 
1242311230 

 18305089 


 18309653 


 18631646 


 18695916 
1242661039 1248680329 

 18394760 


 18859292 


 18763428 


 18127942 


 18949695 


 18520923 


 18130624 


 49073221 


 18373361 


 18506162 
1234462788 1236344007 1236350132 1237460565 1237468870 1237546948 1241196849 1243346104 1251448786 

 18679231 


 18195000 


 18407045 
1238495903 1239386227 

 18778031 


 18941983 


 18501381 
1239806820 1247102164 1249326003 1249507264 1249689022 

 18400561 


 18127251 


 18147974 


 18165889 


 18420475 
1231520948 1231530186 1231807181 1231853240 1232305537 1232309565 1232409502 1232558950 1233947324 

 18424102 


 18440371 


 18450413 


 18522232 


 18553673 


 18555730 


 18612235 


 18644599 


 18695623 


 18710954 


 18759254 


 18763550 


 18802810 


 18660415 


 18390213 


 18622894 


 18221877 
1247208772 1249553877 

 18590277 


 18181923 


 18337778 
1242475208 

 18541668 


 18374934 


 18661478 


 18199146 


 18521391 


 18198412 


 18258178 
1238463140 

 18280708 


 18280978 


 18350982 
1237560585 

 18390138 
1238068391 

 18421044 


 18423472 
1241729783 

 18633344 
1245169383 

 18636100 


 18658832 


 18691674 


 18729127 


 18730849 
1238358536 

 18773292 


 18790350 


 20547019 


 18968456 


 18617123 


 18224213 
1233150386 

 18396070 


 18242355 


 18570188 
1238545835 

 18323133 


 18657373 


 18908187 


 18840893 


 18407583 


 18721759 


 18700305 


 18769785 
1238605980 

 18774199 


 18744178 


 18335802 


 18130932 


 18134616 


 18134710 
1233331022 1243653611 

 18145395 


 18149340 


 18150516 


 18162779 
1229737080 1229807764 1230179887 1230303199 1231770125 1232585195 1233082575 

 18168454 


 18170764 


 18171858 


 18174670 


 18182028 


 18183264 


 18188341 


 18191105 


 18197230 


 18199779 


 18201017 


 18201438 


 18206713 


 18210847 


 18236326 
1241755761 1241756349 

 18237424 


 18243620 
1240588675 1244645356 1245940485 1245950920 

 18244440 
1233599819 1233848315 1233943871 1234554378 1235069886 1235079536 

 18254795 


 18257770 


 18267076 


 18270032 


 18275845 


 18277364 


 18279839 
1232057073 1236952063 

 18286109 


 18290103 


 18294599 
1243766771 1247234073 

 18297114 


 18298338 
1236631432 

 18302992 


 18310397 


 18310791 


 18315347 


 18318851 


 18321260 
1231039610 1234228632 1234847818 1234931654 1244165352 1244745596 1245870759 1246926849 1248303825 

 18322935 


 18324609 


 18336277 


 18336613 


 18340284 


 18340694 


 18348062 


 18351803 
1232208315 1232386524 1232403433 1232418141 1232553245 1232771637 1232808442 

 18359274 


 18371227 


 18385071 


 18386288 


 18401175 


 18412547 


 18414349 


 18420694 


 18429473 


 18449101 


 18455527 


 18456531 


 18459590 


 18478584 


 18478840 


 18491464 


 18495854 


 18518084 


 18518989 
1236879184 

 18525121 
1237316941 

 18535177 
1249469811 

 18542245 


 18546664 


 18559873 


 18561867 


 18591711 
1248983198 

 18611865 


 18615174 


 18623167 
1240846453 

 18624306 


 18636799 
1236495610 1237303703 

 18637884 


 18639036 


 18649126 


 18664689 


 18665003 


 18688715 


 18694923 


 18702755 


 18708567 
1233555698 1233582553 

 18712076 


 18713086 


 18732887 


 18747613 
1242400860 

 18751501 


 18751970 


 18762776 


 18766040 


 18777671 


 18781205 


 18786080 


 18793159 
1251308448 

 18799468 


 18808152 
1232394999 

 18817703 


 18829164 


 18831503 


 18844424 


 18847706 


 18866722 


 18904520 


 18917598 


 18922108 


 18966520 
1237210426 

 18975675 


 18982149 


 27311010 


 30032543 


 18267111 


 18286505 


 18431468 


 65645404 


 18181875 


 18351600 


 18684340 


 18549573 


 18636523 


 18927395 


 18208354 


 18767244 


 18609072 


 18622869 


 18731145 


 18142797 


 18146434 
1242399874 

 18433682 


 18473988 


 18267571 


 18769858 


 18183543 


 18601192 
1244195142 1246098615 

 18529921 


 18628801 


 25538471 


 18726677 


 18727106 
1231518830 1231519929 1231531624 1231596666 1231596675 1231596683 1231596696 1231596703 1231619321 1231635312 1231681697 1231681705 1231681711 1231681718 1231681727 1231728763 1231763338 1231763351 1231763365 1231763375 1231779299 1231779470 1231784185 1231788473 1231792105 1231802432 1231849898 1231849905 1231849910 1231849918 1231849924 1231856321 1231856647 1231866422 1231867470 1231896433 1231938746 1231938752 1231938758 1231938764 1231938769 1231952922 1232023555 1232023562 1232023571 1232023577 1232023584 1232030061 1232031106 1232039721 1232040094 1232041184 1232042719 1232109033 1232109039 1232109047 1232109058 1232109115 1232127722 1232128218 1232129150 1232131706 1232141634 1232197954 1232197971 1232197978 1232197989 1232197996 1232198004 1232285001 1232285113 1232285199 1232285356 1232304358 1232307636 1232368198 1232368204 1232368219 1232368226 1232388365 1232391698 1232454423 1232454432 1232454437 1232454443 1232454451 1232461155 1232463388 1232470719 1232473792 1232474155 1232474158 1232476642 1232479074 1232540793 1232540800 1232540806 1232540814 1232540820 1232558441 1232590701 1232627541 1232627547 1232627555 1232627561 1232627567 1232627578 1232633686 1232637627 1232638410 1232647375 1232649116 1232651640 1232653176 1232664901 1232713607 1232713616 1232713623 1232713628 1232713634 1232713662 1232725012 1232732064 1232736059 1232736176 1232800034 1232800047 1232800055 1232800062 1232800069 1232836097 1232839970 1232844409 1232889534 1232889545 1232889555 1232889567 1232972891 1232972900 1232972907 1232972922 1232972928 1232990826 1232994224 1233009133 1233059542 1233059549 1233059555 1233059568 1233059579 1233069308 1233069398 1233071060 1233074153 1233075721 1233078650 1233078921 1233079028 1233079142 1233080094 1233145799 1233145805 1233145812 1233145818 1233145822 1233145829 1233148273 1233164012 1233191615 1233231725 1233231739 1233231746 1233231753 1233231761 1233235170 1233240843 1233243800 1233254514 1233254661 1233318379 1233318385 1233318392 1233318397 1233318404 1233328340 1233349527 1233357944 1233362741 1233406673 1233406679 1233406684 1233406689 1233406695 1233460795 1233496381 1233496388 1233496414 1233496422 1233496430 1233513759 1233516489 1233521169 1233577254 1233577260 1233577274 1233577280 1233580330 1233580413 1233590086 1233594388 1233605191 1233605324 1233623038 1233663877 1233663892 1233663901 1233663907 1233667179 1233669668 1233672578 1233753570 1233758806 1233765979 1233766644 1233776106 1233780033 1233780261 1233782572 1233837967 1233837972 1233837979 1233838004 1233845991 1233853779 1233857406 1233883094 1233883200 1233883296 1233891258 1233923017 1233923023 1233923030 1233923036 1233923049 1233923070 1233934062 1233939502 1233944619 1233947928 1233951151 1233963065 1234007413 1234007420 1234007429 1234007437 1234007444 1234103460 1234103519 1234103526 1234103532 1234142572 1234142727 1234143156 1234143371 1234143525 1234183083 1234183089 1234183095 1234183102 1234200334 1234205604 1234205966 1234208557 1234208760 1234215938 1234224439 1234269116 1234269122 1234269151 1234269157 1234269168 1234269174 1234271769 1234278105 1234283893 1234287531 1234291227 1234297100 1234299890 1234300091 1234306082 1234355039 1234355046 1234355053 1234355059 1234355066 1234359651 1234372482 1234382278 1234400359 1234441838 1234441845 1234441852 1234441857 1234469979 1234472480 1234526185 1234527419 1234527426 1234527432 1234527439 1234527448 1234544715 1234568561 1234579397 1234579524 1234581632 1234615860 1234615867 1234615885 1234615893 1234621713 1234649316 1234659512 1234665247 1234707757 1234707761 1234707767 1234707778 1234707784 1234707790 1234707800 1234716354 1234720947 1234787182 1234787195 1234787203 1234787209 1234874192 1234874198 1234874246 1234874252 1234874258 1234917901 1234937266 1234959849 1234959863 1234959870 1234959875 1234959902 1234987459 1235046605 1235046612 1235046618 1235046627 1235085875 1235086146 1235132586 1235132591 1235132598 1235132605 1235166399 1235166517 1235178609 1235224962 1235224974 1235224980 1235224985 1235225008 1235240442 1235249407 1235311906 1235311914 1235311920 1235311925 1235311931 1235311937 1235392046 1235392052 1235392058 1235392063 1235392071 1235394983 1235432906 1235482393 1235482399 1235482405 1235482410 1235482417 1235534901 1235535022 1235565154 1235565168 1235565174 1235565181 1235565186 1235565192 1235565211 1235609092 1235609192 1235609791 1235611234 1235621576 1235652912 1235652948 1235652953 1235652962 1235652969 1235664759 1235671670 1235736085 1235736092 1235736101 1235736107 1235736113 1235762967 1235829497 1235829510 1235829521 1235829529 1235829567 1235832694 1235839430 1235916396 1235916404 1235916415 1235916420 1235916426 1235996375 1235996381 1235996387 1235996393 1236082493 1236092914 1236092966 1236093082 1236093105 1236111554 1236130659 1236130817 1236130891 1236169077 1236169287 1236169361 1236169520 1236170044 1236170181 1236170244 1236189012 1236213385 1236256540 1236256644 1236256821 1236256879 1236257737 1236257827 1236267160 1236270792 1236303965 1236342977 1236343057 1236343133 1236343213 1236343278 1236343363 1236428694 1236428701 1236428711 1236428718 1236428725 1236464702 1236491107 1236517548 1236517689 1236517952 1236518008 1236518056 1236518210 1236518259 1236531622 1236600027 1236600079 1236600129 1236600183 1236600253 1236620279 1236635460 1236636147 1236685274 1236685380 1236685486 1236685714 1236685784 1236687184 1236712301 1236771664 1236774767 1236774929 1236774982 1236775124 1236775180 1236778190 1236786503 1236786562 1236808028 1236813987 1236853310 1236853318 1236853335 1236853346 1236853358 1236853364 1236861636 1236881580 1236896562 1236896658 1236944034 1236944041 1236944047 1236944052 1236944058 1236944064 1236964606 1237035473 1237035480 1237035488 1237035544 1237035548 1237035553 1237045962 1237054417 1237054502 1237119472 1237119478 1237119484 1237119490 1237119540 1237119547 1237148623 1237202573 1237202580 1237202586 1237202592 1237202601 1237250990 1237289111 1237289118 1237289125 1237289137 1237289144 1237379740 1237379746 1237379794 1237380252 1237462060 1237462067 1237462073 1237462079 1237462085 1237462091 1237465185 1237548542 1237548548 1237548553 1237548560 1237548566 1237548574 1237581917 1237582456 1237643399 1237643404 1237643409 1237643416 1237643422 1237643428 1237663484 1237665246 1237727009 1237727027 1237727032 1237727039 1237727060 1237750430 1237750492 1237808559 1237808682 1237808774 1237808923 1237809117 1237819432 1237819513 1237897172 1237897310 1237897442 1237897554 1237897653 1237897714 1237917941 1237925008 1237925200 1237978662 1237978767 1237978837 1237978900 1237979417 1237979534 1238008366 1238008474 1238008670 1238064119 1238064208 1238064273 1238064333 1238064458 1238075296 1238075355 1238121067 1238121358 1238159494 1238159583 1238159663 1238159752 1238159823 1238250056 1238250109 1238250169 1238250264 1238250382 1238291017 1238334475 1238334534 1238334588 1238334773 1238334779 1238412499 1238412611 1238412686 1238412741 1238412792 1238426425 1238449753 1238496257 1238496372 1238496451 1238496530 1238496620 1238496710 1238510098 1238512225 1238538375 1238585824 1238585830 1238585836 1238585842 1238585847 1238585853 1238585858 1238592281 1238601317 1238683136 1238692456 1238692521 1238692640 1238754527 1238754659 1238754788 1238754901 1238772323 1238772996 1238846223 1238846439 1238846531 1238846595 1238894577 1238939994 1238940283 1238940332 1238940450 1239107085 1239107229 1239107549 1239108584 1239108664 1239108689 1239182764 1239182771 1239182776 1239182789 1239182795 1239225271 1239225371 1239235855 1239458536 1239458548 1239458588 1239458764 1239458776 1239532827 1239532832 1239532837 1239532854 1239532860 1239703624 1239703759 1239703815 1239703880 1239716685 1239730084 1239793500 1239793555 1239793606 1239793719 1239793808 1239805742 1239818024 1239878276 1239878462 1239878544 1239878637 1239878735 1239888454 1239907760 1239907899 1239907987 1239970792 1239971023 1239971104 1239971192 1239975685 1239975746 1239991003 1240056405 1240056506 1240056596 1240147846 1240148008 1240148102 1240148179 1240148259 1240229360 1240229422 1240229493 1240229552 1240229710 1240232943 1240235861 1240258905 1240314272 1240314280 1240314294 1240314298 1240314305 1240314312 1240321379 1240401602 1240401707 1240401822 1240401899 1240402014 1240402090 1240419661 1240422641 1240519914 1240520233 1240582748 1240587796 1240662056 1240662062 1240662074 1240662081 1240662114 1240751135 1240751198 1240751312 1240751377 1240751415 1240838103 1240838251 1240838580 1240922973 1240923040 1240923102 1240923175 1241044463 1241044726 1241044861 1241106221 1241106290 1241116618 1241117245 1241126793 1241176401 1241176406 1241176470 1241176476 1241176499 1241439222 1241439275 1241439442 1241439563 1241476171 1241476335 1241518605 1241518610 1241518615 1241518620 1241518625 1241523503 1241534665 1241538300 1241610410 1241611162 1241616627 1241616754 1241645576 1241649621 1241697171 1241697179 1241697185 1241697235 1241697261 1241697292 1241697306 1241710748 1241734330 1241734534 1241734695 1241784868 1241785013 1241785139 1241785249 1241785333 1241794019 1242049506 1242085986 1242086130 1242124757 1242124843 1242124968 1242125051 1242125144 1242125196 1242126648 1242136989 1242167300 1242214415 1242214523 1242214574 1242214614 1242218932 1242229320 1242229633 1242240183 1242241024 1242241150 1242309888 1242311859 1242319528 1242320197 1242389451 1242389687 1242389796 1242389887 1242410699 1242476223 1242476229 1242476245 1242476266 1242476278 1242476283 1242493778 1242564198 1242564210 1242564227 1242564233 1242564262 1242565854 1242649824 1242651030 1242651086 1242651184 1242659831 1242664447 1242672438 1242736264 1242736339 1242736388 1242736703 1242736803 1242738573 1242748909 1242781661 1242821344 1242821431 1242908785 1242908844 1242931893 1243006328 1243026329 1243267219 1243285505 1243336265 1243336281 1243336286 1243336291 1243336297 1243338075 1243380951 1243424261 1243425243 1243425296 1243425347 1243595901 1243595910 1243595920 1243595926 1243595931 1243595981 1243689392 1243689397 1243689402 1243689426 1243689431 1243732329 1243762741 1243762747 1243762753 1243762760 1243762765 1243855800 1243855805 1243855811 1243855817 1243855823 1243855831 1243941308 1243941321 1243941336 1243941346 1243941364 1243941381 1243944454 1244026616 1244026621 1244026626 1244026633 1244026646 1244026656 1244026664 1244065375 1244107183 1244107189 1244107195 1244107200 1244107206 1244107212 1244107216 1244164789 1244164867 1244287179 1244287184 1244287190 1244287201 1244287207 1244287213 1244401405 1244401670 1244401983 1244462258 1244462335 1244462473 1244462812 1244480354 1244484162 1244484365 1244484435 1244487557 1244550173 1244550357 1244550426 1244550590 1244550680 1244559555 1244566233 1244627751 1244627820 1244627877 1244628010 1244628120 1244660638 1244666627 1244735004 1244735241 1244740607 1244809133 1244809227 1244809653 1244826599 1244894220 1244894692 1244894849 1244896784 1244896839 1244896914 1244897165 1245082213 1245082278 1245083599 1245086799 1245087493 1245087525 1245156748 1245239385 1245253253 1245321391 1245321519 1245321658 1245321857 1245321999 1245322100 1245407473 1245407544 1245407741 1245407833 1245407906 1245408016 1245408118 1245414187 1245499819 1245667976 1245668087 1245668181 1245668219 1245689813 1245690012 1245755297 1245755434 1245755504 1245755655 1245755709 1245838019 1245838192 1245838280 1245838640 1245838746 1245838869 1245861729 1245929917 1245930019 1245930088 1245930175 1245930291 1245951229 1245952916 1245964243 1245964306 1246040662 1246103781 1246103879 1246103989 1246104097 1246277606 1246277705 1246277739 1246366115 1246366218 1246366268 1246366320 1246366370 1246366445 1246533709 1246533819 1246534206 1246534408 1246534474 1246534576 1246541602 1246619355 1246619446 1246619518 1246619566 1246643002 1246644055 1246710472 1246710602 1246710868 1246877057 1246877109 1246877225 1246877270 1246896517 1246966861 1246966930 1246966984 1246968053 1246968135 1247053544 1247053754 1247053843 1247053966 1247054319 1247058520 1247139010 1247139101 1247139212 1247139268 1247245442 1247245794 1247245868 1247485096 1247485177 1247485290 1247485344 1247485915 1247574171 1247574646 1247574722 1247574820 1247589911 1247589977 1247659939 1247660106 1247660207 1247660351 1247671940 1247747462 1247747517 1247747681 1247747727 1247747769 1247769213 1247828186 1247828251 1247828356 1247828686 1248092226 1248092371 1248092471 1248092516 1248108885 1248109027 1248112827 1248113617 1248176960 1248177028 1248177206 1248177341 1248190279 1248190327 1248190459 1248205791 1248265493 1248265627 1248265758 1248265799 1248294108 1248351491 1248351565 1248366500 1248367997 1248373679 1248397088 1248430123 1248430145 1248430154 1248430160 1248430168 1248430204 1248430217 1248438188 1248450522 1248450819 1248453416 1248453486 1248453565 1248457971 1248695387 1248695498 1248695677 1248714779 1248779503 1248779608 1248779691 1248779810 1248779924 1248780004 1248799628 1248869149 1248869390 1248869541 1248869888 1248869957 1248870148 1248870235 1248883654 1248891519 1248891586 1248949981 1248950277 1248950439 1248950618 1248950656 1248953783 1248956625 1248959036 1248959365 1248960110 1248963640 1248963940 1248974943 1249046996 1249047130 1249047297 1249047447 1249047496 1249047919 1249301670 1249301767 1249301861 1249386756 1249386863 1249386930 1249387290 1249387420 1249387570 1249392666 1249392750 1249405868 1249470259 1249470357 1249470504 1249470566 1249488229 1249491700 1249494492 1249525206 1249579954 1249905189 1249905906 1249905968 1249906107 1249919535 1249921558 1249923370 1249991598 1249991687 1249991837 1249991875 1250078925 1250078986 1250079019 1250163971 1250164046 1250164107 1250164204 1250257812 

 18576537 


 18433587 
1231367420 

 18509967 


 18182237 


 18469725 


 18305736 


 18316926 


 18956212 


 18905019 


 18896081 


 18667348 


 18981473 


 18959288 


 18394443 


 18681385 
1246964732 

 18317833 


 18645458 


 18334333 


 18137723 


 18430448 


 18774059 


 18934393 


 18471483 


 20765944 
1242629525 1242906057 1243300855 1244938800 1245070673 1245725769 1245917831 

 18158396 


 18264002 


 18473276 


 18500031 


 18602260 


 18716812 


 18793171 
1236641388 

 18831621 


 18859556 
1241270220 1241936262 1242906944 

 30427881 
1248916087 1249808893 

 18780612 


 18498217 


 18959875 
1232153378 1232215844 1232324590 

 18421866 


 18258727 


 18294221 


 18485298 


 18540274 


 18492975 


 18759119 


 18897543 


 18668896 


 18206058 


 18936969 


 18390940 


 18217677 


 18477442 


 18207006 


 18767931 


 18576498 


 18392954 


 18823347 


 18931517 
1243482512 

 18262508 
1246973135 

 18393166 
1238462516 

 18714962 


 18517504 


 18315473 


 18434822 


 18515272 


 18571434 
1237724716 

 18637420 
1240857504 

 18640971 


 18655421 


 18821627 


 18931705 


 18724670 


 18746559 


 18467810 


 18774450 


 18782513 


 18500275 


 18829520 


 18458782 


 18292044 


 18565350 


 18621303 


 18464473 


 18484339 


 18228209 
1231728466 1235243666 

 18422846 


 18804368 


 18238243 


 18585528 


 18242913 


 18232983 


 18529990 


 18445478 
1245184423 

 18296565 


 18505134 


 18255301 


 18312191 


 18313342 


 18136498 


 18394257 


 65387185 


 18780213 
1248957190 

 18463780 


 18172905 


 18926474 


 18207953 


 18642469 
1231540735 

 18758547 


 18710856 


 18497820 


 18307213 


 18215484 


 18206878 


 18637003 


 18784654 


 18188326 


 18336551 


 18416673 


 18981769 


 18503839 


 18267091 


 18596617 


 18512765 


 18897466 


 18501535 


 19338957 


 18194530 


 18797330 
1232580812 

 18204555 


 18190865 


 18487585 


 18704698 


 18149541 


 18172369 
1244494096 

 18186549 


 18159588 


 18710601 


 18148435 


 18335373 


 18892147 


 18250297 


 18496301 


 18443607 


 18630243 
1233181528 1244563394 

 18197944 


 18581266 
1236245180 

 18726763 
1234780629 1234876651 1234889905 1235031694 1235557014 1235571498 1235987350 1236269764 1237218545 1243509880 1243609777 1243955312 

 18270658 


 18245709 


 18999809 


 18684361 


 18629807 


 18899815 


 18914509 


 18192437 


 18672329 


 18404742 


 18526683 


 18271613 


 18783267 


 18787916 


 18972517 


 18813118 


 18789071 
1234447563 

 18213360 


 18717592 


 18187045 


 18248857 
1243410511 1244452703 

 18591198 


 18226951 
1243416404 1245310835 

 18301952 


 18328717 


 18481113 


 18142450 


 18237178 


 18249951 


 18360370 


 18489769 


 18546085 
1232849383 1232849473 1232917341 1232992500 1233005135 1233094299 1233098110 1233112607 1233112729 1233112802 1233113058 1233194354 1233255270 1233465655 1233775068 1233967639 1234144189 1234145255 1234565158 1234650055 1234901385 1234933888 1235009136 1235013789 1235061247 1235061537 1235066056 1235172066 1235495385 1235495470 1235573682 1236129138 1236197757 1236197937 1236198159 1236198554 1236223115 1236627367 1236655305 1236882799 1236882894 1236883033 1236903407 1236903494 1236903680 1236905231 1236964244 1237083046 1237298141 1237522079 1238000247 1238014834 1238185547 1239586415 1239719922 1240426036 1241034843 1241205284 1241473895 1242395666 1242922330 1244226213 1245453206 

 18563796 
1243356967 1244823462 1245155652 1245155753 

 18676732 


 18743091 


 18743453 


 18493247 


 18328188 


 18360983 


 18690198 


 18791763 


 18295599 


 18967755 


 18996821 


 18805477 


 19002481 


 18771655 


 18598185 


 18910673 


 18691754 


 18449523 


 18150385 


 18824830 


 18212636 


 18247718 


 18594481 


 18190911 


 18501987 


 18169589 


 18591104 


 18393731 


 18618371 


 18799724 


 18798859 


 18281273 


 18694348 


 18193189 


 18552630 


 18144612 


 32236602 


 18762978 


 18160111 


 18162742 


 18187444 


 18158799 


 18379800 


 18161332 


 18553356 


 18202042 


 18573128 


 18659978 


 18479577 


 18173578 


 18244760 


 18260217 
1237220384 

 18434717 
1244841151 

 18455460 


 18517189 


 18322409 


 18143190 


 18773447 


 18361135 


 18779691 
1236878249 1236878339 1236878433 

 18486010 


 18699981 


 18272339 


 18355960 


 18560148 
1249374490 

 18897160 


 18634567 


 18225966 


 18269436 


 18424661 


 18693886 


 18797273 


 18953784 


 18927379 


 18372298 


 18227971 
1236184777 1239276421 

 18470902 
1236345391 1239326655 1240879527 

 18215641 


 18302540 


 18427592 


 18217077 


 18335809 


 18403152 


 18423639 


 18885399 


 18593181 


 18191259 


 18939563 


 18159066 


 18226721 


 18510836 


 18703059 


 18669195 


 18716737 


 18744681 


 18876079 


 18752680 


 18945641 


 18179541 


 18846740 


 18911078 


 18257468 


 18625190 


 18489101 


 18556289 
1231358085 1231369187 

 18750156 


 18646101 
1239978507 

 18291823 


 18215636 


 18288660 


 18282812 


 18336968 


 63208856 


 18262636 


 18333267 


 18937201 


 18616021 


 18932311 


 18318596 
1244009319 1245907671 1246251041 1246530256 

 18600110 


 18626309 


 18807059 


 18511614 
1245948696 

 18424580 


 18586285 


 18903309 


 18696846 


 18837030 


 18959036 


 18344890 


 64520048 


 18966230 


 18207451 


 18229472 


 18961903 


 18243711 


 18544741 


 18864575 


 18259394 


 18611721 


 18223148 


 18497068 


 18574956 


 65534842 


 18497266 


 18523537 
1243953768 1243954174 1243954501 1243954650 1243954830 1243954955 1243955189 1243955343 1243955552 1243984841 1244031056 1244823503 1244823958 1244824381 

 18537177 


 18297092 
1234457340 

 18178010 


 18229477 


 18320759 


 18343795 
1238873754 1238992501 1239068610 1239074104 1239300951 1240848771 1240925279 

 18391777 


 18456416 


 18491010 


 18510067 
1231082142 1231083162 1233624385 

 18651808 


 18808673 


 18813438 


 18507606 


 18766709 


 18481858 


 18532034 


 18993395 


 18128673 
1234545402 

 18319265 


 18531489 


 18540320 


 18561301 


 18579454 


 18588431 


 18851226 


 18612036 


 18948408 


 18912195 


 18906300 


 18726131 


 18737136 


 18584815 


 18666127 


 18140735 


 18785714 


 18571913 


 18788847 


 18238364 


 18438112 


 18578219 


 18538440 


 18406515 


 54272322 


 18131361 
1238786646 

 18140736 


 18166533 


 18172164 
1235579626 1235669923 1236043628 1236094289 1236101200 1236105203 1236121405 1236718481 1236881394 1236989344 1237992183 1238541300 1238779527 1239134484 

 18204000 


 18237109 


 18292055 


 18295454 


 18341102 


 18358555 


 18369812 


 18404492 


 18477077 


 18490019 


 18514142 


 18517238 


 18561672 


 18719570 


 18747558 


 18845439 


 18872216 


 18390782 


 18326412 


 18154967 


 18758749 


 43695364 


 18767052 


 18343178 


 18567590 


 18728945 


 18761438 


 18218489 


 18488836 


 18155888 


 18243303 


 18256661 


 18291655 


 18326035 
1236908972 1237040640 1237144817 1237148760 1237149093 1237657628 1237657820 1237857154 1238074875 1238085919 1245427748 1248316662 

 18412903 


 18476013 


 18509905 


 18573112 


 18699639 


 18278987 


 18312419 


 18636825 


 18210634 


 18160875 


 18211700 
1232993491 1237988197 1240841831 

 18220272 


 18578014 


 18751093 


 18560477 


 18729095 


 18909760 


 18779981 


 18349074 


 18203773 


 18142410 
1239533585 

 18716463 
1238751608 1240586242 1240639129 1241531288 

 18880816 
1233075359 1246288583 1246739364 1246814096 1247478458 1247850868 

 18646918 


 18299268 


 18436312 


 18691440 


 18170756 


 18925837 


 18643987 
1232119038 

 18209986 


 18226350 


 18680733 


 18756358 
1234559334 1235071382 

 18997635 


 18141740 


 18470611 


 18220597 


 18812311 


 18540766 


 18538976 


 18634085 


 18749223 


 18208652 


 18706355 


 18407417 


 18832304 


 18893326 
1237960963 

 18734744 


 18485673 


 18505824 


 18724930 


 18804771 


 18235736 


 18461515 


 18177016 


 18597642 


 18251787 


 18435707 


 18993705 


 18515457 


 18406158 
1239070177 

 18363543 
1231101679 1232419087 

 18641419 


 18435888 


 18291466 


 18139289 
1232373642 

 18614457 


 18740659 


 18222696 


 18380223 


 18765639 


 18470190 


 18395385 


 18577982 
1243432144 

 18126095 
1231922751 

 18138230 


 18141491 


 18587735 


 18716996 


 18624647 


 18218967 


 18961547 


 18590131 


 18606744 
1236886324 

 18175821 


 18358207 


 18146152 


 18326008 


 18378761 


 18725249 


 18370312 


 18655633 


 18154494 


 18182488 


 18195410 


 18282277 


 18326506 


 18362848 


 18447412 


 18666844 


 18708795 


 18842464 


 18215460 
1235678458 

 18233449 
1237353163 

 18274924 


 18346745 
1240519538 

 18416637 


 18204794 


 18650482 


 18140340 


 18571016 


 50126811 


 18755689 


 18331257 


 18356463 


 18358567 
1242774128 1242780903 1243374696 1243379652 1243386479 1243438880 1243782862 1243869026 1243872897 1243914728 1244045741 1244045948 1244831826 1245520851 1245703208 1245708879 1245720448 1245720952 1245726846 1245855239 1245855283 1245856203 1245859235 1245861430 1245862429 1245936449 1246027009 1246413391 1246413606 1246450413 1246489454 1246642885 1246883249 1246884276 1246885371 1246886199 1246886931 1246893194 1247011165 1247052468 1247052512 1247052671 1247055175 1247058514 1247068474 1247069486 1247491598 1247492088 1247492743 1247493122 1247494632 1248045465 1248048599 1248104979 1248106172 1248106586 1248107979 1248108888 1248110490 1248121074 1248281449 1249331132 1249334599 1249475793 1249475980 1249476098 1249476258 1250076390 1250079971 1250082076 1250089135 1250093409 1250093861 1250097575 1250507963 1250522671 

 18415236 


 18654299 


 18229318 


 18508756 


 18607270 


 18412443 


 18736460 


 18839594 


 18830273 
1248483249 

 18781309 


 18225633 


 18730120 


 18910592 


 18702158 


 18775337 


 18225790 


 18793147 


 18691686 


 18705168 
1231364858 1231437451 1231449600 1231482650 1231623121 1231790270 1231797706 1231890195 1231894787 1231914706 1231970088 1231983707 1232074702 1232428821 1232567985 1232584592 1232599182 1233003964 1233010553 1233011989 1233028491 1233076582 1233091861 1233172486 1233777579 1233789121 1233789714 1233868507 1233869666 1233903055 1233982422 1234221889 1234289717 1234769491 1234813063 1234817084 1234916194 1234924288 1234934133 1234982716 1234986824 1234999665 1234999696 1235018289 1235108211 1235109093 1235166807 1235170568 1235495856 1235502184 1235502710 1235512234 1235788726 1236976898 1236980238 1237140649 1237307967 1237308741 1237392519 1237666075 1238437939 1238527477 1238619805 1238965740 1239722357 1239723226 1239809430 1239930603 1240014129 1240025880 1240266622 1240326331 1240343291 1240593444 1241013321 1241117344 1241185666 1241200395 1241370664 1241481617 1241485917 1241491368 1241536268 1241629495 1241643019 1242007403 1242059044 1242059250 1242073465 1242157537 1242230019 1242236514 1242237416 1242243408 1242410435 1242672969 1242673213 1242673353 1242754051 1242755402 1242764357 1242831376 1242832710 1242832848 1242833012 1242842633 1243000076 1243007343 1243206712 1243473797 1243539028 1243564556 1243636698 1243708359 1243787979 1243872223 1243983335 1244138495 1244229526 1244238519 1244423100 1244480527 1244642449 1244660143 1244685051 1244828650 1244828952 1245097087 1245114897 1245340207 1245514195 1245514337 1245702190 1245880445 1246484531 1246565427 1246565916 1247521788 1248288941 1249062373 1249336331 1249596766 1249662394 1249859067 1250025652 1250114312 

 18815361 


 18334857 


 18762072 


 18225225 


 18445360 


 18135364 


 18132089 


 18336573 


 18134039 


 18723852 


 18804649 


 18515844 


 18734236 


 18766934 


 18429640 


 18170977 


 18222378 


 18173664 


 18857134 


 18699891 
1236249480 1237160457 

 18993397 


 18181303 


 18142573 


 18315273 


 18274714 


 18367694 


 18501724 


 18776220 


 18369826 


 18815628 


 18633009 


 18268309 


 18351981 


 18558052 
1250114218 

 18591588 


 18800707 


 18309180 


 18346434 


 18856701 


 18216752 


 18953152 


 18201033 


 18378081 


 18306664 


 18168799 
1249576149 

 18472837 


 18653221 


 18443473 


 19633363 


 18836187 


 18230519 


 18176677 


 18592290 


 18513386 
1236622572 1236905637 

 18687370 


 18921385 


 18639734 


 18664552 


 18896931 


 18740839 


 18753297 


 18167943 


 18637258 


 18449497 


 20688521 


 18430346 


 18207558 


 18305054 


 18699378 


 18240516 


 18569384 


 18202659 


 18225486 


 18761403 


 18852799 


 24201346 


 18926953 


 18197707 


 18739982 


 18909624 


 18537108 


 18295117 


 18243446 


 18218654 
1237120371 1245857820 1246187062 1246788648 

 18577448 


 18607838 


 18760008 


 18850047 


 18865962 


 18906963 


 18938807 


 18670341 


 18901782 
1244528388 

 18331528 


 18602211 


 18438525 


 18602823 


 18635959 


 18872900 


 18944043 


 18248866 


 18254927 
1246413314 1246450343 1246489497 1246642908 1246883284 1247011152 1247017159 1247017200 1247017247 1247055748 1247061146 1247061198 1247494996 1248045482 1249331192 1250079900 1250085916 1250089608 1250097520 

 18548761 


 18592179 


 18627284 


 18546072 


 18720688 
1246878031 

 18173027 


 18239233 


 18426601 


 18157746 


 18319800 
1245705881 

 18313748 


 18250756 
1236958452 

 18183463 
1236873104 

 18493147 
1240508995 

 57768992 


 18239455 


 18712657 


 23709396 


 18388495 


 18573819 


 18933700 


 18817433 


 18511951 


 18474125 


 18845313 
1231771915 1231842098 1231842188 1232421002 1232421324 1232733882 1232736343 1232847328 1233005391 1233091505 1233183975 1233184571 1233867076 

 18135686 


 18201787 


 18243284 


 18262886 


 18145853 


 18221966 


 18254243 


 18398963 


 18439546 


 18582837 
1246542827 

 18626783 


 18683187 


 18687829 


 18720929 


 18949058 


 18937715 
1234711271 

 18183917 


 18290649 


 18142371 
1243431151 

 18348637 
1237838757 

 18453534 
1243017203 

 18456365 


 18478178 


 18525784 


 18558337 


 18563698 


 18592070 


 18618881 


 18623533 


 18659273 


 18751963 


 18787732 


 18797302 


 18816954 


 18831291 


 18881645 


 18909534 


 18938072 
1237413238 1240871671 

 18513696 


 18179554 


 18290082 


 18138157 


 18605402 


 18507839 


 18261906 


 18960207 


 18200509 


 18698927 
1233822048 1233923197 1234857948 1235389352 1235903324 1235903490 1240146310 1240400590 1240571547 1240925235 

 18819806 
1233591235 1233762844 

 18628011 


 18896151 


 18648562 


 18513310 


 18636235 


 18925911 


 18978280 


 18308371 


 63564049 


 18126845 


 18656604 


 18338751 


 18172262 


 18127957 


 18347430 


 18210824 


 18433141 


 18439334 


 18626096 


 21244226 


 18492324 
1233534003 

 18226834 


 18708841 


 18462843 


 44186827 


 18349011 


 18903032 


 18200779 


 18435913 


 18750257 


 18184561 


 18603652 


 18620051 


 18865355 


 18802308 


 18946861 


 18376303 


 18243170 


 18453612 


 18585048 


 18902889 


 21588987 


 18202846 


 18191182 


 18428748 


 18794562 


 18761897 


 18712812 


 18194818 


 18235742 


 18548893 


 18624131 


 18807593 


 18145598 


 18820361 


 18667222 


 18514873 


 18230107 


 18492209 


 18279759 


 66173567 


 18216591 


 18549900 


 18575180 


 18212591 


 18401503 


 18411273 


 18192214 


 18268988 
1237223574 1237305609 

 18592100 


 18421632 


 18333688 


 18174265 


 18137404 


 18250684 


 18298009 


 18200176 


 18282427 


 18515125 


 18425173 


 18136824 


 18297335 


 18602959 


 63758380 


 18327671 


 18767286 


 18138392 


 18262352 


 18262412 


 18586925 


 18195116 
1234809901 

 18205449 


 18145945 


 18366587 


 18874097 


 18233495 
1233066874 

 18269958 


 18442199 
1236640574 

 18231373 


 18545315 
1240333846 

 18619308 


 18807456 


 18404387 


 18328101 


 18483714 


 18245149 
1242680274 1244589763 

 18617129 


 18806341 


 18517310 


 18194990 


 18364078 


 18700893 
1244229311 

 18702992 


 18906650 
1242920636 1242920822 

 18540878 


 18176955 


 18127094 


 18273207 


 18307380 


 18480556 


 18509024 


 18337683 


 18267638 


 18752652 


 18816982 
1246463142 1246463942 

 18571123 


 18139099 


 18276100 


 18146091 


 18308416 


 18310063 


 18327321 


 18376336 


 18389754 


 18403757 


 18455993 


 18543679 


 18234761 


 18166186 


 18140154 


 18157310 


 18588279 


 18294841 


 18190840 


 55468308 


 18389172 


 18201149 


 18240093 


 18366349 


 18288037 


 18383259 


 18436700 


 18457048 


 18468489 


 18897457 


 18885335 


 18452146 


 18946160 


 18404498 


 18717983 
1246292777 

 18267597 


 18666525 
1247593417 1248873699 1249921319 

 18565057 


 18351865 


 18297765 


 18920733 


 18341058 


 18130070 


 18327631 


 18510752 


 18694861 
1231349503 

 18129528 


 18351581 


 18573156 


 18981863 


 18963021 


 18303574 


 18989206 


 18140837 


 18372240 


 18563991 


 18578237 


 18567145 


 18275137 
1249631042 

 18386160 


 18505752 


 18159085 
1237489017 

 18572818 


 65133302 


 18902641 


 18443585 


 18348279 


 18553451 


 18163700 


 18647233 


 18246545 


 42838544 


 18327992 


 18403438 
1230684092 1231124139 1231475632 1232114955 1232944857 1233980255 1236362293 1247796760 

 18170255 


 18234083 


 18619979 


 18848001 
1241532872 

 18463216 


 18641836 


 18646907 
1235085926 1237774287 1238329952 1247500827 

 18302505 


 18654363 


 18656276 


 55723804 


 18581150 


 18509403 


 18270750 


 18521303 


 18177038 


 18948316 


 18450240 


 18528230 


 18724618 


 18923741 


 18180590 
1229990246 1232059149 

 18967447 


 18138440 
1236960973 1237905686 1238162901 1238600912 1238680476 1238777531 1239116565 1239124919 1240317129 1240497590 1241117664 

 18227088 


 18523091 


 18460984 


 18240387 


 18831894 


 18158988 
1237446324 1244356132 

 18362769 


 18422619 
1236467672 1240858704 1243966333 

 18459245 


 19085436 
1241577139 1242799423 1243176604 1248804787 1250134481 1250797002 1250797425 

 19092751 


 18262088 


 18571780 


 18709112 
1238592412 

 18790823 
1236643258 

 18841746 


 18355618 


 18490058 


 18504447 


 18513221 
1237573040 

 18312334 


 18412995 


 18632045 


 18186507 


 18317023 


 18397585 


 18441335 
1236866732 

 18680328 


 18717297 


 18762609 


 18507029 


 18268293 


 18817396 


 18684373 
1237768330 

 18423807 
1241520751 

 18593834 


 18398987 


 18621643 


 18166688 


 18221823 


 18842437 


 18899796 


 18443699 


 18859077 


 18822615 


 18834779 


 18540814 


 18336169 
1241829287 

 18817126 


 18362042 


 18287752 


 18772999 


 18406297 


 18874964 


 18278552 


 18492970 


 18909257 
1236893357 1244788476 1249451830 

 18260635 


 18455087 


 18449663 


 18195481 


 18622818 


 18937708 


 38660793 


 18513844 


 18873892 


 19000274 


 18464181 


 18564424 


 18628769 


 18846088 


 18466938 


 18900392 


 18262659 


 21220802 


 18156806 


 18736476 


 18185697 


 18220054 
1234162679 

 18885086 


 18225940 


 18820221 


 18779558 


 18686179 


 20260345 
1240407555 1241693373 1245669988 1248099366 1249060911 1249493813 1249551880 1249556569 1249647881 1251286328 

 18197319 


 18825732 


 18651773 
1245632798 

 18773005 


 18485514 


 18747527 


 18836933 


 18366419 


 56339204 


 18657071 


 18647776 


 18780567 


 18379650 
1231018322 

 18300192 


 18395296 


 18629665 


 18161100 


 18346967 


 18127548 


 18157489 


 18196927 


 18590943 


 18304533 


 18751240 


 18747492 


 18603768 


 18337406 


 18491261 


 18150709 


 18217587 


 18408306 


 18463106 


 18464406 


 18568350 


 18510248 


 18220052 


 18889369 


 18177177 


 18130514 


 18721936 


 18662902 


 18202839 
1241536103 

 18257051 


 18425602 


 18592457 


 18788070 


 18806405 


 18835529 


 18910321 


 18331214 


 18418133 


 18787734 


 36106820 


 18149083 


 18270103 


 18270624 


 18425595 


 18447095 


 18552493 


 18590609 


 18600893 


 18702863 


 18716030 


 18718002 


 18721173 


 18722968 


 18727834 


 18762124 


 18762590 


 18763336 


 18763696 


 18765581 


 18771830 


 18898111 


 18173720 


 18392870 
1245394663 

 18245274 


 18555779 


 18194778 


 18325104 


 18287640 


 18434100 


 18152363 


 18192178 
1235619390 

 18195937 


 18206111 
1247066592 

 18593344 


 18822612 


 18848434 


 18865635 
1239382900 

 20329182 


 18132880 


 18255148 
1236636482 

 18749075 


 18671789 


 18849686 


 18359158 


 18473861 


 18535149 


 18976501 


 18221749 
1236011612 

 18284282 
1234107188 

 18294223 


 18316735 


 18413182 


 18713887 
1246672444 1246674865 

 18743044 


 18849545 
1236218566 1236883350 

 18970032 
1232239787 1242665402 1246376836 

 18208991 


 18552210 


 18609775 


 18750259 


 18298804 


 18892651 


 18958003 


 18866681 


 18703534 


 18292403 


 18882020 
1240551083 

 18528707 


 18493875 


 18541756 


 18586913 


 18638586 


 18432395 


 18130574 


 18148272 


 18251154 


 18277421 


 18575047 


 18836353 


 18987655 


 18385212 


 18209370 


 18784642 


 19174251 


 18679574 


 18440174 


 18679703 


 18228083 


 18720918 


 18726942 
1233251805 1233881467 1233959053 1233959557 1234202309 1234229970 1234401090 1235003647 1235786250 1236039964 1236113106 1237057085 1239747269 1241408595 1241453636 1241453788 1242921551 1244512214 1245708484 1245800938 1245809108 1248733915 1248733981 1249393477 1249407742 

 18713666 
1245938100 

 18152205 


 18510539 


 18133899 


 18452434 


 18596079 


 18219010 


 18275490 


 18425506 


 18430620 


 18164290 
1234063071 1234295690 1234531762 1235042215 1235042689 1235487517 1236783873 

 18168005 
1233670240 1234887160 1235140256 1236356170 1236783528 1237210793 1238075900 1239732040 1239823401 

 18253290 
1236784548 

 18327295 


 18388515 
1234884599 

 18405034 
1231804865 1232642888 1233382214 1233442794 1233515030 1233799656 1234237919 1234444222 1235536683 1238119516 

 18461730 
1247744646 

 18689946 
1231880527 1232901919 1233153045 1233153233 1236689638 1236873543 

 18701842 


 18748292 


 18490733 
1242140845 1244053214 

 18578224 


 18439061 


 18605788 


 18937495 


 18874868 


 18136192 
1247648482 

 18473906 


 18628301 


 18185653 


 18660850 


 18954172 


 18949647 


 18641734 


 18148156 


 18243006 
1235577673 1236950570 1238587926 1238591369 1239884776 1245195246 1245697750 

 18590619 


 18647301 
1236866833 1237136738 1237384530 1237398666 1242214495 

 18681515 


 18276435 


 18968417 


 18347165 


 18765298 


 18788015 


 18968958 


 18174898 


 18143166 


 18501814 
1233368945 1241780809 1247969678 

 18531293 


 18587431 


 18683120 


 18820207 
1237561503 

 18508646 


 18172356 


 18436025 


 18506826 


 18763426 


 18866237 


 18644328 


 18189237 


 18526538 


 18732075 


 18480524 


 18198357 


 18259195 


 18164804 


 18639671 


 18682196 


 18448289 


 18480846 


 18553107 


 18357405 


 18631703 


 18176760 


 18172412 


 18489116 


 18480979 


 18993437 


 18323373 


 18410934 


 18736652 


 18766727 


 20998647 


 18933832 


 18261109 


 18495779 
1231798878 1231815130 1231870779 1231946565 1231961183 1232053164 1232053600 1233095481 1233161727 1234060526 1234102539 1234105532 1234108399 1234125128 1234580769 1234838605 1234925422 1237252661 1237253007 1238628609 1238629102 1238799268 1238861435 1238979347 

 22487381 
1238686801 1242148659 

 18144799 
1229531726 

 18168324 


 18319808 
1235686400 

 63134760 


 18142394 


 18865002 


 18467858 


 18677321 


 18887740 


 18726631 


 18274715 


 18332331 
1238207330 1238233015 1239216923 

 18487541 


 18169302 


 18171765 


 18397445 


 18519494 


 18731815 


 18478372 


 18502840 


 18456166 


 18440479 


 18518319 


 18129159 


 18393697 


 18190748 


 18945644 


 18331426 


 18745523 


 18159833 


 18572512 


 63208473 


 18554361 


 18212352 


 18482057 


 18539631 
1245688942 

 18276160 


 18210790 


 18175962 
1234018739 

 18358060 


 18827552 


 19539427 


 18777389 


 18585599 


 18590033 


 18751875 


 18126162 


 18233105 


 18955587 


 18615027 


 18853613 


 18137480 


 18774143 


 18805733 


 18763533 


 18264975 


 18296884 


 18604016 


 18514250 


 18260121 


 18859278 


 62894705 


 18149142 


 60095108 


 18758536 


 18132397 


 18229335 


 18785182 


 18913509 


 18142917 


 18175122 


 18204351 


 18704200 


 18507261 


 18365068 


 18150701 
1235987132 

 18364430 


 18255220 


 18293769 


 18172428 


 18566627 


 18221441 


 18577524 


 18247782 


 18695054 


 18196410 


 18462765 


 18761602 


 18474156 


 18338973 


 18889063 
1234885414 1237921163 

 18640520 


 18143526 


 18211417 


 18538941 


 18245772 
1239887175 

 18847192 


 18760116 


 18269474 


 18715702 


 18448063 


 18800593 


 18193628 


 18912241 


 18753180 


 18348058 


 18282329 


 18736601 


 18168873 


 18418728 


 18417190 


 52516478 


 18502694 


 18199658 


 18228855 


 18228289 


 18929683 


 18342202 


 18329560 
1236532792 1236618758 

 18838035 


 18421506 


 18152913 


 18964292 


 18132330 


 18270653 


 18812295 


 18965443 


 18276639 


 18593513 


 18488056 


 18528383 


 18671467 


 18611466 


 18957957 


 18942376 


 18738020 


 18427541 
1246209016 

 18306702 


 18638353 


 18588443 


 18807864 


 18716458 


 18722477 


 18764589 


 18716273 


 18524452 


 18581436 


 18382918 


 18740471 


 18171546 


 61328142 


 18708608 


 18787586 


 18800370 


 45689908 


 18507505 


 18634125 


 18168275 


 18327586 


 18692329 


 18622063 


 18186117 


 18204725 


 18545627 
1249305442 

 18541360 


 18355994 


 18860472 


 18500291 


 18749420 


 18212205 


 18909241 


 18882903 


 18242061 


 18737202 


 18266388 


 18483371 


 18977822 


 18220271 


 18681494 


 18432033 


 18858454 


 18198123 


 18606691 


 18441690 


 18758646 


 18888195 


 18169469 


 18194861 


 18352761 


 18530014 


 18194546 


 18581948 


 18745857 


 18479165 


 18845413 


 18401332 


 18440195 


 18640926 
1237568976 

 18853572 


 18982790 


 18406170 


 18417599 


 18710635 


 18715024 


 18812947 


 18438362 
1244493916 

 18617717 


 18728200 
1235153744 1235175147 1236018729 1236387255 

 18817547 


 18943190 


 18747993 


 18761648 


 18338545 


 18451766 


 18215908 


 18648646 


 18770275 


 18177180 


 18464393 


 18899667 


 18559550 


 20323737 


 18212839 


 18489886 


 18224194 


 18655523 


 18229440 


 18948117 


 18514311 


 18908861 


 18794024 


 18176668 


 18638681 


 18142541 


 65149592 


 18423977 


 18356789 


 18282716 


 18564750 


 18571417 


 18646200 


 18648572 


 18667207 


 18672605 


 18695781 


 18525171 


 18218285 


 18210167 


 18234357 


 18768977 


 18208409 


 18586031 


 18182568 


 18283120 


 18270856 


 18318124 


 18456943 
1236712347 1237233514 1237300295 1239478064 1239898349 1240586095 1241542022 1242386172 1242397133 1246972526 1247590793 1249308703 

 18645615 


 18642376 


 18194863 


 19837716 


 18370656 
1234390324 1234395577 1234908711 1234912175 1234932066 1234993730 1234994852 1234996427 1234996654 1234998123 1235016641 1235156252 1235156624 1235157109 1235257831 1235379419 1235410728 1235410823 1235413599 1235413766 1235413820 1235419308 1235420578 1235422280 1235516594 1235517144 1235518134 1235524246 1235676420 1235680999 1235749756 1236024561 1236025270 1236038590 1236042425 

 18264934 


 18667745 


 18145486 


 18680776 


 18846571 


 18573574 


 18886007 


 18329118 


 18185841 
1239218294 

 18618944 


 18136191 


 18193312 


 18260973 
1246842752 

 18681046 
1231775626 1231780930 1231963112 1232483310 1232570892 1232826411 1232963733 1233671016 1233912003 1233913594 1234554967 1234887472 1234976056 1235660297 1236267939 1236937989 1237567557 1237915158 1238335737 1238427272 1238582745 

 18502395 


 18733855 


 18409578 
1248852647 

 18348824 


 18793442 


 18200372 


 18901326 


 18217860 


 18204778 


 64648089 


 18801344 


 18861361 


 18759874 


 18196249 


 18264809 


 18780980 


 18187753 


 18478762 


 18615777 


 18147941 


 18792826 


 18331782 


 18562065 


 18364739 


 18198367 


 18706924 


 18446314 


 18254176 


 18598878 


 18143637 


 18501886 


 18405998 


 18805216 


 18385084 


 18268410 


 18427611 


 18485105 


 18635325 


 18198577 


 18469843 


 18650849 


 18236716 


 18181711 


 18723501 
1238718661 

 18560231 
1232142910 

 18237636 


 18442329 


 18788372 


 18202088 


 18244889 


 18524353 


 18617574 


 18977516 


 18711282 
1248376503 

 61927520 


 18371010 


 18351799 


 18424406 


 18702324 


 18722215 


 18825039 


 18781879 


 18945666 
1240406235 

 18769169 


 18192654 


 18910824 


 18310020 
1246008968 

 18347200 


 18191388 


 18795322 


 18155531 


 18227525 


 18462738 


 18922332 


 18261752 


 18206547 


 18496969 


 18333335 


 18968631 


 18435430 
1231465363 1232981262 1236053755 1236077603 1236139253 1236240669 

 18760893 


 18874255 


 18376871 
1245717178 1250644971 

 18334804 


 18431226 
1233248016 1234291043 1234806022 1235072662 1235149236 1235178891 1235405550 1235411445 1235420052 1235503447 1235574414 1235741437 1235755035 1235763960 

 18361955 
1237659050 1249067962 

 18580086 


 18240837 


 18500811 


 18234805 


 18734243 


 18692842 
1238590731 1238703673 1238704542 1239193420 1240578090 1240605309 1244115236 1244552149 1244657783 1244726323 1244815283 1244815369 1245244019 1245263882 1245264202 1245323378 1245330188 1245531083 1245531264 1245532797 1245785010 1245864888 1245870916 1245968450 1246047583 1246281843 1246302812 1246369537 1246369934 1246447326 1246452964 1246469786 1246477054 1246533284 1246538331 1247056305 1247072843 1247076249 1247140891 1247148512 1247158451 1247229337 1247233351 1247490392 1247590722 1247598228 1247658746 1247665619 1247684928 1247740963 1247742241 1248270634 1248697499 1248802477 1248807426 1248873854 1248960721 1249294768 1249317332 1249476869 1249663468 

 18909758 
1236658105 

 18909684 


 18178558 


 18518705 
1248367568 1248446184 

 18526005 


 18563067 


 18674614 


 18712958 


 18775042 
1248141034 1248183989 

 18232817 
1245685580 1245702115 

 18778961 


 64322428 


 57989310 


 18540335 


 18797891 
1235634621 1235981578 1236083513 1236084448 1236091610 1236151571 1236158755 1236172100 1236178072 1236270541 1236352704 1236353401 1236606738 1236851185 1236863311 1236950427 1237191706 1237209517 1237216031 1237292853 1237361436 1237883595 

 18796900 
1237397914 1238611310 

 18493310 


 18415373 


 18528260 


 18596840 


 18192439 
1236008125 

 18432195 


 18148516 


 18544001 
1236174685 

 18629999 


 18222066 


 61935528 


 18804370 


 18732750 


 18540297 


 18157816 


 18735906 


 18645842 


 18660595 


 18509943 


 18499276 


 18163111 


 18709151 


 18493702 
1247228385 

 18847857 


 23619919 


 18135733 


 18321769 


 18382814 


 18626746 


 18769790 


 18622584 


 18234522 


 18749136 
1235697475 

 18439528 
1235685446 1240092649 

 18496515 


 18620171 


 18829933 


 18148798 


 18210658 


 18565234 


 18472695 


 18678244 


 18903180 


 18252650 


 18245004 


 18643531 


 18378044 


 18168429 
1230740958 

 18155681 


 18619655 


 18630326 


 18704855 


 18196217 


 18770575 


 18526784 


 18792542 


 18393162 


 18657997 


 18681328 
1236425004 

 18799570 


 18314241 


 18915134 


 18298002 


 18325201 
1235529599 

 18905015 


 18910095 


 18399099 


 18958515 


 18736723 
1238039122 

 18899342 


 18524942 


 26000625 


 18679353 


 18194726 


 18744062 


 18300476 


 18218299 


 18519860 


 18332536 


 18545093 


 18206161 
1231008548 

 18230590 


 18991423 


 18402968 


 18477387 


 18450132 


 18255785 


 18264808 


 18757497 


 31222891 


 18240747 


 18939115 


 18692413 


 18600025 
1239248275 

 18170258 


 18589596 


 18542382 


 18469259 
1230827806 1241705126 

 18474959 


 18525130 


 18542697 
1243940609 

 18650037 
1244460891 1246389898 1247592185 

 18740821 


 41683247 


 18486091 


 18500363 


 18629339 


 18148898 


 18947925 
1239970315 1244169513 1244169747 

 18744546 
1237399053 1238873993 

 18227535 


 18225084 


 18519871 


 18956040 


 18559386 


 18692089 


 18174210 


 18408045 


 18608320 


 18154925 


 18425366 


 18264081 


 18272746 


 18703112 


 18931823 


 18273976 
1237577281 

 18518769 


 18731027 


 18776628 


 18940543 


 18422694 


 18131396 


 18155180 


 18171105 
1244637200 

 18194468 


 18194735 
1244579032 1245852628 1245917650 1247506670 1247775299 

 18298040 


 18319409 


 18343694 


 18464949 


 18653265 


 18716819 


 18722443 


 18729871 


 18731908 


 18758101 


 18761381 


 18783060 


 18791598 


 18830648 


 18833431 


 18845531 


 18162573 


 18218821 


 18756130 


 63283968 


 18460724 


 18168823 


 18886527 


 18399439 


 18481912 


 18291483 


 18484276 


 18568240 
1248794511 

 18447687 


 18428510 


 25771699 


 18909502 


 18162198 


 18148907 


 18487771 


 18427654 


 18387372 


 18385642 


 18533412 


 18607744 


 18692055 


 18337503 


 18934085 


 18955739 


 18853278 


 18948060 


 18586611 


 18180357 
1238194607 

 18225348 


 18599248 


 18424289 


 18131127 


 18365767 


 18185945 


 18590702 
1248962974 

 18734843 


 18407784 


 18212079 


 18664400 
1232053763 1233237720 

 18872026 
1236875393 1237150979 

 18424136 


 18149465 


 18842386 


 18605451 


 18130837 


 18158887 


 18715577 


 18510755 


 24403522 


 18816720 


 18266811 
1234805127 

 18957805 


 18375613 


 18234078 


 18533235 


 18442390 


 28256080 


 18763137 


 18766698 
1242843169 

 18663940 


 18524301 


 18549868 


 18855226 


 18782222 


 18203251 


 18253226 


 18420681 


 18645380 
1241714284 1245090806 1246387507 1249918550 

 18299443 


 18503647 


 18270085 


 18162006 


 18210592 


 18234677 
1239467811 

 18177933 


 18783433 
1236025938 1236026082 

 18300176 


 18702116 


 18413163 


 18543098 


 18410514 


 18374281 


 18801680 


 18366373 


 18580425 


 21232209 


 18415375 


 18295597 


 18742746 


 18151649 


 18898715 


 18729940 


 18810655 


 18531868 


 18851640 


 18875947 
1236708822 

 18691882 


 18224547 


 18615373 


 18615517 


 18598585 


 18238951 


 18750855 


 51829432 


 18786919 


 18257526 


 18594439 


 18515933 


 18306937 


 18519658 


 18130641 


 18530654 


 18948387 


 18222481 


 18220295 


 18475928 
1243642613 

 18173961 


 18448410 


 18458253 


 18589736 


 18721648 


 18691870 


 18213003 
1236866674 1236886621 1236886960 1236889140 1236899671 1237307038 1237414885 1237473629 1237552072 1237552285 1237630698 1237641503 1237645209 1238097015 1238175456 1238248799 1238451453 1238670435 1239020906 1239034933 1241251596 1241511374 1241564118 1241616807 1241619176 1241679987 1241717887 1241780726 1242161309 1249992395 1250084287 1250085829 1250087700 1250112127 1250238840 1250521255 1250537516 1250866161 

 18668342 
1235113011 1235113065 1235299967 1236633304 

 18795124 


 18347936 


 18340087 


 18567065 


 18782400 


 45330696 


 18541092 


 18126243 


 18128940 


 18583412 


 18735792 


 18235197 


 18754833 


 18575345 


 18385898 
1245052090 

 18819712 


 18142375 
1233397097 

 18507667 


 18669172 
1242974034 

 18169084 


 18270575 


 18326701 


 18710715 


 18247453 


 18372615 


 18630890 


 18343637 


 18171786 


 18424526 


 25768882 


 18250357 


 18454539 


 18324428 


 18542755 


 18466326 


 18284026 


 18414222 


 18367347 


 18324261 


 18631358 


 18213483 


 18432649 


 18414258 


 18453099 


 18775851 


 18555350 


 18195951 


 18398964 


 18772345 
1248800608 

 18764924 


 18278257 


 18288948 


 18295401 


 30271086 


 18665942 


 18310174 


 18132877 


 18825193 


 18142223 


 18472817 


 18552677 


 18275759 


 18476689 


 18792805 


 18393370 


 18727004 


 18479433 


 18161765 


 18332418 


 18900052 


 18448086 


 18213223 


 18425122 


 18159423 


 18966461 


 18743414 


 18964077 


 18501368 


 18266950 


 18626508 


 18808588 


 18326207 


 18466780 


 18422368 


 18758693 


 18580432 


 18227169 
1237848943 

 18723724 


 18809599 


 18914812 


 18143988 


 18193244 


 18978596 


 18244273 


 18182671 


 18649405 


 18363597 


 18430327 


 18996712 


 18544610 


 18298198 
1229992472 1233242847 1235054292 1237866901 

 18392496 


 18163832 


 18224658 


 18140988 
1243521106 

 65136421 


 18441747 


 18421349 


 18783311 


 18981570 


 18540584 


 18245817 


 18697941 


 18134642 


 18152115 


 18189926 


 18191447 


 18219852 


 18354123 


 18433488 


 18479079 


 18655130 


 27810561 


 18165149 


 18412018 


 18306708 


 18619282 


 18324478 


 18959241 
1235826283 

 18792823 


 18477494 


 18382220 


 18685515 
1231528607 1231529094 1231600960 1231601448 1231601781 1231631086 1231631238 1231699534 1231774067 1231774225 1231779585 1231780180 1231789072 1231789097 1231794772 1231796208 1231851668 1231851743 1231854156 1232032558 

 18146481 


 18243559 


 18187804 


 18477372 


 18415873 


 18197668 


 18381251 


 18585135 


 18204419 


 18207568 


 18222210 


 18167813 


 18724205 


 18342406 


 18167229 


 18264973 


 18473872 


 18145999 


 24366028 


 18197621 


 18357831 


 18920834 


 18360312 


 18896100 


 18295540 


 18585293 


 18757343 


 18205792 


 18540649 


 18934744 


 18376731 


 25683495 


 18208940 


 18546813 


 18869513 


 18429744 


 18722502 
1240095728 1240764619 1240979011 1242240020 1242546461 1243271027 1243901237 1244993044 1245424781 

 18863876 


 18691124 


 18606634 


 67525286 


 18280042 


 18630394 


 18551911 


 18500170 


 18883262 


 18165049 


 18751947 


 18261033 


 18584419 


 18175164 


 18629659 


 18250476 


 18450821 


 18141690 


 18276796 


 18327285 


 18418241 
1231726031 1234282790 

 18420816 


 18532996 


 18557666 


 18581101 


 18609618 


 18615234 


 18656558 


 18690153 


 18916680 


 18952949 


 18587479 


 18903928 


 18630671 


 18460269 


 18327007 


 18131988 


 18731731 


 18833204 


 18958937 


 18537506 
1238523527 

 18410549 


 18927862 


 18680100 
1231258487 1232721106 

 18149000 


 18369587 


 18375311 
1231330244 1231336810 1233471749 1234195411 1234287125 1237039096 1238769917 1240037690 1240118481 1242661351 1242743666 

 18142737 
1248079621 

 18973235 


 18954978 


 18514808 


 18926451 


 18270661 
1234941944 1235562858 1242655945 

 18616054 
1231441896 1231976137 1232933481 

 18622111 


 18759234 


 18769639 


 18999830 


 18533670 
1235008491 1235159360 1235414606 1236713810 1238690409 1239906652 

 18710600 


 18804623 


 18909664 


 18352504 


 18899446 


 18424282 


 18481711 


 18854393 


 18800255 


 18822142 


 18675926 
1248466432 

 18190552 


 18138463 


 18172709 


 18191941 


 18438556 


 18557140 


 18166111 


 18198145 


 18580760 


 18733310 


 18419133 


 18652307 


 18139568 


 18566351 


 18807366 
1236870753 1236949885 1236949914 1237209426 1245332440 1245413080 1245671469 1245765502 1245844103 1245934590 1246016776 

 18243488 
1233163098 

 18814574 


 18611756 


 18919470 


 18791472 


 18710889 


 18680963 
1234222010 

 18235204 
1246622654 

 18239262 
1242203946 

 18346517 
1241627395 1249475616 

 18187373 


 18850693 


 18943385 


 18777880 


 18707212 


 18773928 


 18975958 


 18484931 
1250691936 1250692158 

 18166042 


 18968138 


 18464803 


 18279905 


 18337130 
1244501218 

 18126945 


 18139472 


 18696837 


 18744662 


 18755762 


 18837781 


 18919382 


 54886990 


 18859274 


 18527539 


 18212728 


 18132494 


 18144686 


 18197050 


 18504804 
1234381621 1235487261 

 18848342 


 18198091 


 18653223 


 19028925 
1241119399 

 18141471 


 18361073 


 18523571 


 18322998 


 18528554 
1237569077 

 18575364 


 18235817 


 18247272 


 62034416 


 18783816 


 18327877 


 66085379 


 18497382 


 18308042 


 18220372 


 18302163 


 18406927 


 18160970 


 18898655 


 18320745 
1243262482 1247743846 

 18945478 


 18816067 
1231815602 1242646669 

 18206914 
1231812121 1241103470 

 18316130 
1237813920 

 18353809 


 18354169 


 18287241 


 18276060 


 18445879 


 18417628 


 44451472 


 18762109 


 18637015 


 18253697 


 18534725 


 18617559 


 18690285 


 18589092 


 18427000 


 18222739 


 18610788 
1238591606 

 18753482 


 18313689 


 18918674 


 18488766 


 18384864 


 18132688 


 18267643 


 18908257 
1240921846 1249478202 

 18742284 


 65794490 


 18639239 


 18804752 
1245435403 

 46499475 


 18254731 
1244459556 

 18296588 


 18426913 


 18695726 


 66231051 


 18904451 


 18736269 


 18785351 


 18223925 


 18340859 


 18922417 


 18353414 


 18157775 


 18274730 


 18270091 


 18275201 


 18629224 
1241598826 

 18391674 
1246515857 

 18762429 


 18850368 
1232661970 1233427791 1233859810 1234276711 1234435309 1234446135 1235186865 1235576382 1235669494 1236370732 1236491758 1237165431 1237299681 1246210100 

 18292002 


 18686681 


 18657486 


 18415754 


 18734526 


 18266535 


 18288339 


 18632904 


 18834709 


 18765554 


 18227514 


 18727466 


 18822413 


 18688825 


 18802290 


 18853723 


 18710863 
1243430440 

 18611127 


 18178539 


 18964696 
1246127604 

 18156340 


 18763527 


 18767506 


 18806621 


 18375021 


 18542199 


 18778337 


 18373945 


 18131142 


 18407173 


 18742991 


 18927928 
1241178491 1244648283 

 18154165 


 18191637 


 18204078 


 18256937 


 18774342 


 18843588 


 18242353 


 18198721 
1231855769 

 18243990 


 18228637 


 18394374 
1248376316 

 18817528 


 18757860 


 18342643 


 18553584 


 18428527 


 18833616 


 18969273 
1234164051 

 18974290 


 18332733 


 18231305 
1235440479 1236915099 1237174230 1237250047 1237355113 1242180879 

 18425777 
1233058469 1233094839 

 18718845 


 18810681 
1248085846 

 18126662 


 18128281 


 18138897 


 18158928 


 18168148 


 18180104 


 18182819 


 18197971 


 18201225 


 18210494 


 18212070 


 18234125 


 18257248 


 18267778 


 18275639 


 18310042 


 18310243 


 18319720 
1234876428 1238585673 1238605124 1239402066 

 18337937 


 18339714 


 18346027 


 18352379 


 18353703 


 18354034 


 18361145 


 18361568 


 18392225 
1238159938 

 18400685 


 18406541 


 18416570 


 18428072 


 18438643 


 18440436 


 18446904 


 18453195 


 18485019 


 18504709 


 18530610 
1237308382 1237993281 

 18530651 


 18577740 


 18593363 


 18644335 


 18656352 
1236718922 

 18720510 


 18733795 


 18737585 


 18752726 


 18787542 
1239922476 

 18816262 


 18851669 


 18910220 


 18921653 
1233087401 

 18330758 


 18541994 


 18838602 
1237577380 

 18236900 


 18898232 


 18620075 


 18693871 


 18800796 


 18225967 


 18489025 


 18808967 


 18429717 


 18909524 


 18390843 


 18516124 


 18213770 


 18733132 


 18763641 


 18708875 


 18203782 


 18546303 


 18729925 


 18723114 


 18741652 


 18317370 


 18318324 


 18385455 


 18188432 


 18249923 


 18548053 


 18231301 
1241019960 

 18248072 


 18404475 


 18572967 


 18345568 


 18732045 
1235141695 1235142012 1235155136 1235156130 1235157343 1235400957 1235531385 1235564443 1235565080 1235650990 1235759121 1235788492 1235828272 1235829086 1235838594 1235916443 1235941030 1237569526 1238502781 1241693824 

 18498224 


 18242361 


 65485548 


 18433231 


 18502903 


 18346955 


 18314384 


 18505346 


 18540302 


 18548506 


 18244812 


 18521136 


 18505650 


 18278499 


 18452885 


 18237863 


 18884768 


 18865450 


 18771703 
1236601930 1237310228 1243280496 1249758929 

 18361492 


 18724688 


 18808962 


 18485436 


 18938835 
1239027396 

 18735317 


 63177949 


 18349246 


 18374442 


 18400061 


 18422301 


 18463276 


 18744845 


 18460951 


 18784499 


 18587413 


 18207302 


 18253205 
1232725777 

 18465145 


 18526102 


 18205463 


 18306809 


 18918915 
1240646047 1241021952 

 18926223 


 18128072 


 18922380 


 18390119 


 18656509 
1248567851 

 19000474 
1235606719 1236102151 1238191394 

 18957466 


 18607705 


 18312649 
1250161953 

 18223354 


 18132618 


 18917726 


 18142557 


 18387237 


 18520456 


 21956416 


 18733262 


 18612620 


 18759950 


 18583905 
1231934185 1240407648 1243688634 1243692905 1243770468 1244389743 1245945129 

 18247062 


 18222608 
1241440375 

 18452560 


 18586683 


 18742038 


 18906553 


 18432487 


 18699043 


 18799997 


 18142856 


 18321034 


 18275737 


 18281536 


 18539596 


 18648378 


 18612010 


 18287075 
1242299817 

 18637994 


 18152728 


 18327042 


 18991914 


 18550456 


 18792813 


 18754867 


 18540539 


 18225452 


 18211454 


 18138767 
1242269315 1243553950 1247190882 

 18450876 


 55890900 


 62320462 

