
 18834505 


 18668388 


 18671401 


 18728950 


 18769702 


 18942053 


 18335419 


 18266608 


 18185185 


 18406221 


 18757602 


 18702602 


 18794995 


 18185267 


 18265550 


 18506975 


 18652500 


 18513825 


 18273701 


 18305066 


 18740738 


 18825474 


 18552959 


 18189913 


 18290031 


 18639416 


 18834912 


 18917069 


 18851007 


 18170887 


 18726019 


 18699512 


 18809624 


 18283280 


 18531690 


 18732799 


 18826274 


 18739765 


 18709570 


 18913179 


 18243287 


 18215347 


 18891923 


 18226567 


 18286677 


 18310884 


 18497595 


 18606670 


 18607330 


 18805666 


 18909949 


 18829021 


 18517064 


 18667491 


 18778460 


 18960302 


 18329544 


 18782799 


 18555867 


 18418006 


 18169110 


 18409434 


 18201075 


 18281269 


 18729620 


 18435613 


 18256109 


 18771316 


 18776162 


 18772929 


 18468877 


 18500550 


 18568359 


 18427450 


 18734661 


 18738558 


 18666060 


 18600406 


 18673386 


 18137347 


 18294335 


 18167226 


 18159633 


 18249560 


 18358765 


 18487229 


 18193396 


 18221988 


 18464427 


 18561591 


 18572529 


 18910752 


 18634623 


 18297088 


 18151239 


 18987934 


 18842066 


 18129742 


 18186375 


 18214034 


 18265390 


 18293278 


 18553261 


 18558142 


 18560859 


 18596069 


 18617689 


 18622460 


 18734797 


 18815187 


 18834095 


 18868649 


 18976605 


 18152683 


 18863815 


 18137302 


 18139356 


 18146831 


 18171570 


 18173791 


 18177617 


 18182400 


 18194787 


 18211782 


 18214840 


 18220292 


 18239588 


 18249787 


 18250539 


 18284182 


 18288806 


 18296077 


 18318233 


 18338831 


 18359603 


 18372442 


 18427709 


 18433971 


 18440416 


 18445028 


 18454348 


 18472784 


 18490335 


 18507465 


 18547727 


 18553355 


 18557658 


 18565213 


 18583564 


 18608556 


 18633659 


 18634249 


 18656870 


 18756940 


 18764645 


 18777676 


 18799169 


 18852580 


 18900449 


 18920735 


 18168998 


 18595837 


 18362750 


 18434733 


 18350628 


 18233822 


 18653519 


 18234790 


 18206164 


 18356541 


 18404532 


 18419130 


 18454757 


 18569733 


 18601916 


 18726713 


 18736078 


 18798229 


 18819452 


 18854431 


 18982668 


 18858794 


 18522577 


 18414849 


 18509490 


 18291413 


 18790388 


 18309666 


 64741681 


 18193789 


 18905236 


 18451063 


 18455093 


 18682743 


 18138104 


 18667791 


 18465527 


 18582298 


 18942116 


 18479128 


 18781212 


 18168728 


 18491064 


 18553706 


 18836502 


 18921376 


 18197564 


 18325813 


 18414403 


 18551518 


 18648365 


 18791776 


 18929464 


 18563495 


 18892943 


 18387614 


 18678957 


 18423100 


 18479467 


 18783017 


 18191664 


 18181380 


 18202703 


 18456583 


 18770778 


 18999841 


 18157949 


 18966165 


 18231496 


 18165566 


 18495527 


 18506837 


 18281507 


 18300948 


 18824245 


 28652197 


 18244358 


 18246847 


 18228420 


 18295621 


 18305089 


 18309653 


 18631646 


 18695916 


 18394760 


 18859292 


 18763428 


 18127942 


 18949695 


 18520923 


 18130624 


 49073221 


 18373361 


 18506162 


 18679231 


 18195000 


 18407045 


 18778031 


 18941983 


 18501381 


 18400561 


 18127251 


 18147974 


 18165889 


 18420475 


 18424102 


 18440371 


 18450413 
1230978448 1231851001 1232805878 1232828713 1232901749 1232910625 1233131945 1233437593 1233478062 1233478802 1234107036 1234107557 1234367999 1234635771 1234636652 1234731938 1234800795 1235214454 1235225906 1239975666 

 18522232 


 18553673 


 18555730 


 18612235 


 18644599 


 18695623 


 18710954 


 18759254 


 18763550 


 18802810 


 18660415 


 18390213 


 18622894 


 18221877 


 18590277 


 18181923 


 18337778 


 18541668 


 18374934 


 18661478 


 18199146 


 18521391 


 18198412 


 18258178 


 18280708 


 18280978 


 18350982 


 18390138 


 18421044 


 18423472 


 18633344 


 18636100 


 18658832 


 18691674 


 18729127 


 18730849 


 18773292 


 18790350 


 20547019 


 18968456 


 18617123 


 18224213 


 18396070 


 18242355 


 18570188 


 18323133 


 18657373 


 18908187 


 18840893 


 18407583 


 18721759 


 18700305 


 18769785 


 18774199 


 18744178 


 18335802 


 18130932 


 18134616 


 18134710 


 18145395 


 18149340 


 18150516 


 18162779 


 18168454 


 18170764 


 18171858 


 18174670 


 18182028 


 18183264 


 18188341 


 18191105 


 18197230 


 18199779 


 18201017 


 18201438 


 18206713 


 18210847 


 18236326 


 18237424 


 18243620 


 18244440 


 18254795 


 18257770 


 18267076 


 18270032 


 18275845 


 18277364 


 18279839 


 18286109 


 18290103 


 18294599 


 18297114 


 18298338 


 18302992 


 18310397 


 18310791 


 18315347 


 18318851 


 18321260 


 18322935 


 18324609 


 18336277 


 18336613 


 18340284 


 18340694 


 18348062 


 18351803 


 18359274 


 18371227 


 18385071 


 18386288 


 18401175 


 18412547 


 18414349 


 18420694 


 18429473 


 18449101 


 18455527 


 18456531 


 18459590 


 18478584 


 18478840 


 18491464 


 18495854 


 18518084 


 18518989 


 18525121 


 18535177 
1237134021 

 18542245 


 18546664 


 18559873 


 18561867 


 18591711 


 18611865 


 18615174 


 18623167 


 18624306 


 18636799 


 18637884 


 18639036 


 18649126 


 18664689 


 18665003 


 18688715 


 18694923 


 18702755 


 18708567 


 18712076 


 18713086 


 18732887 


 18747613 


 18751501 


 18751970 


 18762776 


 18766040 


 18777671 


 18781205 


 18786080 


 18793159 


 18799468 


 18808152 


 18817703 


 18829164 


 18831503 
1238012438 

 18844424 


 18847706 


 18866722 


 18904520 


 18917598 


 18922108 


 18966520 


 18975675 


 18982149 


 27311010 


 30032543 


 18267111 


 18286505 


 18431468 


 65645404 


 18181875 


 18351600 


 18684340 


 18549573 


 18636523 


 18927395 


 18208354 


 18767244 


 18609072 


 18622869 


 18731145 


 18142797 


 18146434 


 18433682 


 18473988 


 18267571 


 18769858 


 18183543 


 18601192 


 18529921 


 18628801 


 25538471 


 18726677 


 18727106 


 18576537 


 18433587 


 18509967 


 18182237 


 18469725 


 18305736 


 18316926 


 18956212 


 18905019 


 18896081 


 18667348 


 18981473 


 18959288 


 18394443 


 18681385 


 18317833 


 18645458 


 18334333 


 18137723 


 18430448 


 18774059 


 18934393 


 18471483 


 20765944 


 18158396 


 18264002 


 18473276 


 18500031 


 18602260 


 18716812 


 18793171 


 18831621 


 18859556 


 30427881 


 18780612 


 18498217 


 18959875 


 18421866 


 18258727 


 18294221 


 18485298 


 18540274 


 18492975 


 18759119 


 18897543 


 18668896 


 18206058 


 18936969 


 18390940 


 18217677 


 18477442 


 18207006 


 18767931 


 18576498 


 18392954 


 18823347 


 18931517 


 18262508 


 18393166 


 18714962 


 18517504 


 18315473 


 18434822 


 18515272 


 18571434 


 18637420 


 18640971 


 18655421 


 18821627 


 18931705 


 18724670 


 18746559 


 18467810 


 18774450 


 18782513 


 18500275 


 18829520 


 18458782 


 18292044 


 18565350 


 18621303 


 18464473 


 18484339 


 18228209 


 18422846 


 18804368 


 18238243 


 18585528 


 18242913 


 18232983 


 18529990 


 18445478 


 18296565 


 18505134 


 18255301 


 18312191 


 18313342 


 18136498 


 18394257 


 65387185 


 18780213 


 18463780 


 18172905 


 18926474 


 18207953 


 18642469 


 18758547 


 18710856 


 18497820 


 18307213 


 18215484 


 18206878 


 18637003 


 18784654 


 18188326 


 18336551 


 18416673 


 18981769 


 18503839 


 18267091 


 18596617 


 18512765 


 18897466 


 18501535 


 19338957 


 18194530 


 18797330 


 18204555 


 18190865 


 18487585 


 18704698 


 18149541 


 18172369 


 18186549 


 18159588 


 18710601 


 18148435 


 18335373 


 18892147 


 18250297 


 18496301 


 18443607 


 18630243 


 18197944 


 18581266 


 18726763 


 18270658 


 18245709 


 18999809 


 18684361 


 18629807 


 18899815 


 18914509 


 18192437 


 18672329 


 18404742 


 18526683 


 18271613 


 18783267 


 18787916 


 18972517 


 18813118 


 18789071 


 18213360 


 18717592 


 18187045 


 18248857 


 18591198 


 18226951 


 18301952 


 18328717 


 18481113 


 18142450 


 18237178 


 18249951 


 18360370 


 18489769 


 18546085 


 18563796 


 18676732 


 18743091 


 18743453 


 18493247 


 18328188 


 18360983 


 18690198 


 18791763 


 18295599 


 18967755 


 18996821 


 18805477 


 19002481 


 18771655 


 18598185 


 18910673 


 18691754 


 18449523 


 18150385 


 18824830 


 18212636 


 18247718 


 18594481 


 18190911 


 18501987 


 18169589 


 18591104 


 18393731 


 18618371 


 18799724 


 18798859 


 18281273 


 18694348 


 18193189 


 18552630 


 18144612 


 32236602 


 18762978 


 18160111 


 18162742 


 18187444 


 18158799 


 18379800 


 18161332 


 18553356 


 18202042 


 18573128 


 18659978 


 18479577 


 18173578 


 18244760 


 18260217 


 18434717 


 18455460 


 18517189 


 18322409 


 18143190 


 18773447 


 18361135 


 18779691 


 18486010 


 18699981 


 18272339 


 18355960 


 18560148 


 18897160 


 18634567 


 18225966 


 18269436 


 18424661 


 18693886 


 18797273 


 18953784 


 18927379 


 18372298 


 18227971 


 18470902 


 18215641 


 18302540 


 18427592 


 18217077 


 18335809 


 18403152 


 18423639 


 18885399 


 18593181 


 18191259 


 18939563 


 18159066 


 18226721 


 18510836 


 18703059 


 18669195 


 18716737 


 18744681 


 18876079 


 18752680 


 18945641 


 18179541 


 18846740 


 18911078 


 18257468 


 18625190 


 18489101 


 18556289 


 18750156 


 18646101 


 18291823 


 18215636 


 18288660 


 18282812 


 18336968 


 63208856 


 18262636 


 18333267 


 18937201 


 18616021 


 18932311 


 18318596 


 18600110 


 18626309 


 18807059 


 18511614 


 18424580 


 18586285 


 18903309 


 18696846 


 18837030 


 18959036 


 18344890 


 64520048 


 18966230 


 18207451 


 18229472 


 18961903 


 18243711 


 18544741 


 18864575 


 18259394 


 18611721 


 18223148 


 18497068 


 18574956 


 65534842 


 18497266 


 18523537 


 18537177 


 18297092 


 18178010 


 18229477 


 18320759 


 18343795 


 18391777 


 18456416 


 18491010 


 18510067 


 18651808 


 18808673 


 18813438 


 18507606 


 18766709 


 18481858 


 18532034 


 18993395 


 18128673 


 18319265 


 18531489 


 18540320 


 18561301 


 18579454 


 18588431 


 18851226 


 18612036 


 18948408 


 18912195 


 18906300 


 18726131 


 18737136 


 18584815 


 18666127 


 18140735 


 18785714 


 18571913 


 18788847 


 18238364 


 18438112 


 18578219 


 18538440 


 18406515 


 54272322 


 18131361 


 18140736 


 18166533 


 18172164 


 18204000 


 18237109 


 18292055 


 18295454 


 18341102 


 18358555 


 18369812 


 18404492 


 18477077 


 18490019 


 18514142 


 18517238 


 18561672 


 18719570 


 18747558 


 18845439 


 18872216 


 18390782 


 18326412 


 18154967 


 18758749 


 43695364 


 18767052 


 18343178 


 18567590 


 18728945 


 18761438 


 18218489 


 18488836 


 18155888 


 18243303 


 18256661 


 18291655 


 18326035 


 18412903 


 18476013 


 18509905 


 18573112 


 18699639 


 18278987 


 18312419 


 18636825 


 18210634 


 18160875 


 18211700 


 18220272 


 18578014 


 18751093 


 18560477 


 18729095 


 18909760 


 18779981 


 18349074 


 18203773 


 18142410 


 18716463 


 18880816 


 18646918 


 18299268 


 18436312 


 18691440 


 18170756 


 18925837 


 18643987 


 18209986 


 18226350 


 18680733 


 18756358 


 18997635 


 18141740 


 18470611 


 18220597 


 18812311 


 18540766 


 18538976 


 18634085 


 18749223 


 18208652 


 18706355 


 18407417 


 18832304 


 18893326 


 18734744 


 18485673 


 18505824 


 18724930 


 18804771 


 18235736 


 18461515 


 18177016 


 18597642 


 18251787 


 18435707 


 18993705 


 18515457 


 18406158 


 18363543 


 18641419 


 18435888 


 18291466 


 18139289 


 18614457 


 18740659 


 18222696 


 18380223 


 18765639 


 18470190 


 18395385 


 18577982 


 18126095 


 18138230 


 18141491 


 18587735 


 18716996 


 18624647 


 18218967 


 18961547 


 18590131 


 18606744 


 18175821 


 18358207 


 18146152 


 18326008 


 18378761 


 18725249 


 18370312 


 18655633 


 18154494 


 18182488 


 18195410 


 18282277 


 18326506 


 18362848 


 18447412 


 18666844 


 18708795 


 18842464 


 18215460 


 18233449 


 18274924 


 18346745 


 18416637 


 18204794 


 18650482 


 18140340 


 18571016 


 50126811 


 18755689 


 18331257 


 18356463 


 18358567 


 18415236 


 18654299 


 18229318 


 18508756 


 18607270 


 18412443 


 18736460 


 18839594 


 18830273 


 18781309 


 18225633 


 18730120 


 18910592 


 18702158 


 18775337 


 18225790 


 18793147 


 18691686 


 18705168 


 18815361 


 18334857 


 18762072 


 18225225 


 18445360 


 18135364 


 18132089 


 18336573 


 18134039 


 18723852 


 18804649 


 18515844 


 18734236 


 18766934 


 18429640 


 18170977 


 18222378 


 18173664 


 18857134 


 18699891 


 18993397 


 18181303 


 18142573 


 18315273 


 18274714 


 18367694 


 18501724 


 18776220 


 18369826 


 18815628 


 18633009 


 18268309 


 18351981 


 18558052 


 18591588 


 18800707 


 18309180 


 18346434 


 18856701 


 18216752 


 18953152 


 18201033 


 18378081 


 18306664 


 18168799 


 18472837 


 18653221 


 18443473 


 19633363 


 18836187 


 18230519 


 18176677 


 18592290 


 18513386 


 18687370 


 18921385 


 18639734 


 18664552 


 18896931 


 18740839 


 18753297 


 18167943 


 18637258 


 18449497 


 20688521 


 18430346 


 18207558 


 18305054 


 18699378 


 18240516 


 18569384 


 18202659 


 18225486 


 18761403 


 18852799 


 24201346 


 18926953 


 18197707 


 18739982 


 18909624 


 18537108 


 18295117 


 18243446 


 18218654 


 18577448 


 18607838 


 18760008 


 18850047 


 18865962 


 18906963 


 18938807 


 18670341 


 18901782 


 18331528 


 18602211 


 18438525 


 18602823 


 18635959 


 18872900 


 18944043 


 18248866 


 18254927 


 18548761 


 18592179 


 18627284 


 18546072 


 18720688 


 18173027 


 18239233 


 18426601 


 18157746 


 18319800 


 18313748 


 18250756 


 18183463 


 18493147 


 57768992 


 18239455 


 18712657 


 23709396 


 18388495 


 18573819 


 18933700 


 18817433 


 18511951 


 18474125 


 18845313 


 18135686 


 18201787 


 18243284 


 18262886 


 18145853 


 18221966 


 18254243 


 18398963 


 18439546 


 18582837 


 18626783 


 18683187 


 18687829 


 18720929 


 18949058 


 18937715 


 18183917 


 18290649 


 18142371 


 18348637 


 18453534 


 18456365 


 18478178 


 18525784 


 18558337 


 18563698 


 18592070 


 18618881 


 18623533 


 18659273 


 18751963 


 18787732 


 18797302 


 18816954 


 18831291 


 18881645 


 18909534 


 18938072 
1237322258 1237326833 1237328315 1237329477 1237396255 1237396643 1237407168 1237411252 1237489964 

 18513696 


 18179554 


 18290082 


 18138157 


 18605402 


 18507839 


 18261906 


 18960207 


 18200509 


 18698927 


 18819806 


 18628011 


 18896151 


 18648562 


 18513310 


 18636235 


 18925911 


 18978280 


 18308371 


 63564049 


 18126845 


 18656604 


 18338751 


 18172262 


 18127957 


 18347430 


 18210824 


 18433141 


 18439334 


 18626096 


 21244226 


 18492324 
1236182956 

 18226834 


 18708841 


 18462843 


 44186827 


 18349011 


 18903032 


 18200779 


 18435913 


 18750257 


 18184561 


 18603652 


 18620051 


 18865355 


 18802308 


 18946861 


 18376303 


 18243170 


 18453612 


 18585048 


 18902889 


 21588987 


 18202846 


 18191182 


 18428748 


 18794562 


 18761897 


 18712812 


 18194818 


 18235742 


 18548893 


 18624131 


 18807593 


 18145598 


 18820361 


 18667222 


 18514873 


 18230107 


 18492209 


 18279759 


 66173567 


 18216591 


 18549900 


 18575180 


 18212591 


 18401503 


 18411273 


 18192214 


 18268988 


 18592100 


 18421632 


 18333688 


 18174265 


 18137404 


 18250684 


 18298009 


 18200176 


 18282427 


 18515125 


 18425173 


 18136824 


 18297335 


 18602959 


 63758380 


 18327671 


 18767286 


 18138392 


 18262352 


 18262412 


 18586925 


 18195116 


 18205449 


 18145945 


 18366587 


 18874097 


 18233495 


 18269958 


 18442199 


 18231373 


 18545315 


 18619308 


 18807456 


 18404387 


 18328101 


 18483714 


 18245149 


 18617129 


 18806341 


 18517310 


 18194990 


 18364078 


 18700893 


 18702992 


 18906650 


 18540878 


 18176955 


 18127094 


 18273207 


 18307380 


 18480556 


 18509024 


 18337683 


 18267638 


 18752652 


 18816982 


 18571123 


 18139099 


 18276100 


 18146091 


 18308416 


 18310063 


 18327321 


 18376336 


 18389754 


 18403757 


 18455993 


 18543679 


 18234761 


 18166186 


 18140154 


 18157310 


 18588279 


 18294841 


 18190840 


 55468308 


 18389172 


 18201149 


 18240093 


 18366349 


 18288037 


 18383259 


 18436700 


 18457048 


 18468489 


 18897457 


 18885335 


 18452146 


 18946160 


 18404498 


 18717983 


 18267597 


 18666525 


 18565057 


 18351865 


 18297765 


 18920733 


 18341058 


 18130070 


 18327631 


 18510752 


 18694861 


 18129528 


 18351581 


 18573156 


 18981863 


 18963021 


 18303574 


 18989206 


 18140837 


 18372240 


 18563991 


 18578237 


 18567145 


 18275137 


 18386160 


 18505752 


 18159085 


 18572818 


 65133302 


 18902641 


 18443585 


 18348279 


 18553451 


 18163700 


 18647233 


 18246545 


 42838544 


 18327992 


 18403438 


 18170255 


 18234083 


 18619979 


 18848001 


 18463216 


 18641836 


 18646907 


 18302505 


 18654363 


 18656276 


 55723804 


 18581150 


 18509403 


 18270750 


 18521303 


 18177038 


 18948316 


 18450240 


 18528230 


 18724618 


 18923741 


 18180590 


 18967447 


 18138440 


 18227088 


 18523091 


 18460984 


 18240387 


 18831894 


 18158988 


 18362769 


 18422619 


 18459245 


 19085436 


 19092751 


 18262088 


 18571780 


 18709112 


 18790823 


 18841746 


 18355618 


 18490058 


 18504447 


 18513221 


 18312334 


 18412995 


 18632045 


 18186507 


 18317023 


 18397585 


 18441335 


 18680328 


 18717297 


 18762609 


 18507029 


 18268293 


 18817396 


 18684373 


 18423807 


 18593834 


 18398987 


 18621643 


 18166688 


 18221823 


 18842437 


 18899796 


 18443699 


 18859077 


 18822615 


 18834779 


 18540814 


 18336169 


 18817126 


 18362042 


 18287752 


 18772999 


 18406297 


 18874964 


 18278552 


 18492970 


 18909257 


 18260635 


 18455087 


 18449663 


 18195481 


 18622818 


 18937708 


 38660793 


 18513844 


 18873892 


 19000274 


 18464181 


 18564424 


 18628769 


 18846088 


 18466938 


 18900392 


 18262659 


 21220802 


 18156806 


 18736476 


 18185697 


 18220054 


 18885086 


 18225940 


 18820221 


 18779558 


 18686179 


 20260345 


 18197319 


 18825732 


 18651773 


 18773005 


 18485514 


 18747527 


 18836933 


 18366419 


 56339204 


 18657071 


 18647776 


 18780567 


 18379650 


 18300192 


 18395296 


 18629665 


 18161100 


 18346967 


 18127548 


 18157489 


 18196927 


 18590943 


 18304533 


 18751240 


 18747492 


 18603768 


 18337406 


 18491261 


 18150709 


 18217587 


 18408306 


 18463106 


 18464406 


 18568350 


 18510248 


 18220052 


 18889369 


 18177177 


 18130514 


 18721936 


 18662902 


 18202839 


 18257051 


 18425602 


 18592457 


 18788070 


 18806405 


 18835529 


 18910321 


 18331214 


 18418133 


 18787734 


 36106820 


 18149083 


 18270103 


 18270624 


 18425595 


 18447095 


 18552493 


 18590609 


 18600893 


 18702863 


 18716030 


 18718002 


 18721173 


 18722968 


 18727834 


 18762124 


 18762590 


 18763336 


 18763696 


 18765581 


 18771830 


 18898111 


 18173720 


 18392870 


 18245274 


 18555779 


 18194778 


 18325104 


 18287640 


 18434100 


 18152363 


 18192178 


 18195937 


 18206111 


 18593344 


 18822612 


 18848434 


 18865635 


 20329182 


 18132880 


 18255148 


 18749075 


 18671789 


 18849686 


 18359158 


 18473861 


 18535149 


 18976501 


 18221749 


 18284282 


 18294223 


 18316735 


 18413182 


 18713887 


 18743044 


 18849545 


 18970032 


 18208991 


 18552210 


 18609775 


 18750259 


 18298804 


 18892651 


 18958003 


 18866681 


 18703534 


 18292403 


 18882020 


 18528707 


 18493875 


 18541756 


 18586913 


 18638586 


 18432395 


 18130574 


 18148272 


 18251154 


 18277421 


 18575047 


 18836353 


 18987655 


 18385212 


 18209370 


 18784642 


 19174251 


 18679574 


 18440174 


 18679703 


 18228083 


 18720918 


 18726942 


 18713666 


 18152205 


 18510539 


 18133899 


 18452434 


 18596079 


 18219010 


 18275490 


 18425506 


 18430620 


 18164290 


 18168005 


 18253290 


 18327295 


 18388515 


 18405034 
1237773603 

 18461730 


 18689946 


 18701842 


 18748292 


 18490733 


 18578224 


 18439061 


 18605788 


 18937495 


 18874868 


 18136192 


 18473906 


 18628301 


 18185653 


 18660850 


 18954172 


 18949647 


 18641734 


 18148156 


 18243006 


 18590619 


 18647301 


 18681515 


 18276435 


 18968417 


 18347165 


 18765298 


 18788015 


 18968958 


 18174898 


 18143166 


 18501814 


 18531293 


 18587431 


 18683120 


 18820207 


 18508646 


 18172356 


 18436025 


 18506826 


 18763426 


 18866237 


 18644328 


 18189237 


 18526538 


 18732075 


 18480524 


 18198357 


 18259195 


 18164804 


 18639671 


 18682196 


 18448289 


 18480846 


 18553107 


 18357405 


 18631703 


 18176760 


 18172412 


 18489116 


 18480979 


 18993437 


 18323373 


 18410934 


 18736652 


 18766727 


 20998647 


 18933832 


 18261109 


 18495779 


 22487381 


 18144799 


 18168324 


 18319808 


 63134760 


 18142394 


 18865002 


 18467858 


 18677321 


 18887740 


 18726631 


 18274715 


 18332331 


 18487541 


 18169302 


 18171765 


 18397445 


 18519494 


 18731815 


 18478372 


 18502840 


 18456166 


 18440479 


 18518319 


 18129159 


 18393697 


 18190748 


 18945644 


 18331426 


 18745523 


 18159833 


 18572512 


 63208473 


 18554361 


 18212352 


 18482057 


 18539631 


 18276160 


 18210790 


 18175962 


 18358060 


 18827552 


 19539427 


 18777389 


 18585599 


 18590033 


 18751875 


 18126162 


 18233105 


 18955587 


 18615027 


 18853613 


 18137480 


 18774143 


 18805733 


 18763533 


 18264975 


 18296884 


 18604016 


 18514250 


 18260121 


 18859278 


 62894705 


 18149142 


 60095108 


 18758536 


 18132397 


 18229335 


 18785182 


 18913509 


 18142917 


 18175122 


 18204351 


 18704200 


 18507261 


 18365068 


 18150701 


 18364430 


 18255220 


 18293769 


 18172428 


 18566627 


 18221441 


 18577524 


 18247782 


 18695054 


 18196410 


 18462765 


 18761602 


 18474156 


 18338973 


 18889063 


 18640520 


 18143526 


 18211417 


 18538941 


 18245772 


 18847192 


 18760116 


 18269474 


 18715702 


 18448063 


 18800593 


 18193628 


 18912241 


 18753180 


 18348058 


 18282329 


 18736601 


 18168873 


 18418728 


 18417190 


 52516478 


 18502694 


 18199658 


 18228855 


 18228289 


 18929683 


 18342202 


 18329560 


 18838035 


 18421506 


 18152913 


 18964292 


 18132330 


 18270653 


 18812295 


 18965443 


 18276639 


 18593513 


 18488056 


 18528383 


 18671467 


 18611466 


 18957957 


 18942376 


 18738020 


 18427541 


 18306702 


 18638353 


 18588443 


 18807864 


 18716458 


 18722477 


 18764589 


 18716273 


 18524452 


 18581436 


 18382918 


 18740471 


 18171546 


 61328142 


 18708608 


 18787586 


 18800370 


 45689908 


 18507505 


 18634125 


 18168275 


 18327586 


 18692329 


 18622063 


 18186117 


 18204725 


 18545627 


 18541360 


 18355994 


 18860472 


 18500291 


 18749420 


 18212205 


 18909241 


 18882903 


 18242061 


 18737202 


 18266388 


 18483371 


 18977822 


 18220271 


 18681494 


 18432033 


 18858454 


 18198123 


 18606691 


 18441690 


 18758646 


 18888195 


 18169469 


 18194861 


 18352761 


 18530014 


 18194546 


 18581948 


 18745857 


 18479165 


 18845413 


 18401332 


 18440195 


 18640926 


 18853572 


 18982790 


 18406170 


 18417599 


 18710635 


 18715024 


 18812947 


 18438362 


 18617717 


 18728200 


 18817547 


 18943190 


 18747993 


 18761648 


 18338545 


 18451766 


 18215908 


 18648646 


 18770275 


 18177180 


 18464393 


 18899667 


 18559550 


 20323737 


 18212839 


 18489886 


 18224194 


 18655523 


 18229440 


 18948117 


 18514311 


 18908861 


 18794024 


 18176668 


 18638681 


 18142541 


 65149592 


 18423977 


 18356789 


 18282716 


 18564750 


 18571417 


 18646200 


 18648572 


 18667207 


 18672605 


 18695781 


 18525171 


 18218285 


 18210167 


 18234357 


 18768977 


 18208409 


 18586031 


 18182568 


 18283120 


 18270856 


 18318124 


 18456943 


 18645615 


 18642376 


 18194863 


 19837716 


 18370656 


 18264934 


 18667745 


 18145486 


 18680776 


 18846571 


 18573574 


 18886007 


 18329118 


 18185841 


 18618944 


 18136191 


 18193312 


 18260973 


 18681046 


 18502395 


 18733855 


 18409578 


 18348824 


 18793442 


 18200372 


 18901326 


 18217860 


 18204778 


 64648089 


 18801344 


 18861361 


 18759874 


 18196249 


 18264809 


 18780980 


 18187753 


 18478762 


 18615777 


 18147941 


 18792826 


 18331782 


 18562065 


 18364739 


 18198367 


 18706924 


 18446314 


 18254176 


 18598878 


 18143637 


 18501886 


 18405998 


 18805216 


 18385084 


 18268410 


 18427611 


 18485105 


 18635325 


 18198577 


 18469843 


 18650849 


 18236716 


 18181711 


 18723501 


 18560231 


 18237636 


 18442329 


 18788372 


 18202088 


 18244889 


 18524353 


 18617574 


 18977516 


 18711282 


 61927520 


 18371010 


 18351799 


 18424406 


 18702324 


 18722215 


 18825039 


 18781879 


 18945666 


 18769169 


 18192654 


 18910824 


 18310020 


 18347200 


 18191388 


 18795322 


 18155531 


 18227525 


 18462738 


 18922332 


 18261752 


 18206547 


 18496969 


 18333335 


 18968631 


 18435430 


 18760893 


 18874255 


 18376871 


 18334804 


 18431226 


 18361955 


 18580086 


 18240837 


 18500811 


 18234805 


 18734243 


 18692842 


 18909758 


 18909684 


 18178558 


 18518705 


 18526005 


 18563067 


 18674614 


 18712958 


 18775042 


 18232817 


 18778961 


 64322428 


 57989310 


 18540335 


 18797891 


 18796900 


 18493310 


 18415373 


 18528260 


 18596840 


 18192439 


 18432195 


 18148516 


 18544001 


 18629999 


 18222066 


 61935528 


 18804370 


 18732750 


 18540297 


 18157816 


 18735906 


 18645842 


 18660595 


 18509943 


 18499276 


 18163111 


 18709151 


 18493702 


 18847857 


 23619919 


 18135733 


 18321769 


 18382814 


 18626746 


 18769790 


 18622584 


 18234522 


 18749136 


 18439528 


 18496515 


 18620171 


 18829933 


 18148798 


 18210658 


 18565234 


 18472695 


 18678244 


 18903180 


 18252650 


 18245004 


 18643531 


 18378044 


 18168429 


 18155681 


 18619655 


 18630326 


 18704855 


 18196217 


 18770575 


 18526784 


 18792542 


 18393162 


 18657997 


 18681328 


 18799570 


 18314241 


 18915134 


 18298002 


 18325201 


 18905015 


 18910095 


 18399099 


 18958515 


 18736723 


 18899342 


 18524942 


 26000625 


 18679353 


 18194726 


 18744062 


 18300476 


 18218299 


 18519860 


 18332536 


 18545093 


 18206161 


 18230590 


 18991423 


 18402968 


 18477387 


 18450132 


 18255785 


 18264808 


 18757497 


 31222891 


 18240747 


 18939115 


 18692413 


 18600025 


 18170258 


 18589596 


 18542382 


 18469259 


 18474959 


 18525130 


 18542697 


 18650037 


 18740821 


 41683247 


 18486091 


 18500363 


 18629339 


 18148898 


 18947925 


 18744546 


 18227535 


 18225084 


 18519871 


 18956040 


 18559386 


 18692089 


 18174210 


 18408045 


 18608320 


 18154925 


 18425366 


 18264081 


 18272746 


 18703112 


 18931823 


 18273976 


 18518769 


 18731027 


 18776628 


 18940543 


 18422694 


 18131396 
1238000233 

 18155180 


 18171105 


 18194468 


 18194735 


 18298040 


 18319409 


 18343694 


 18464949 


 18653265 


 18716819 


 18722443 


 18729871 


 18731908 


 18758101 


 18761381 


 18783060 


 18791598 


 18830648 


 18833431 


 18845531 


 18162573 


 18218821 


 18756130 


 63283968 


 18460724 


 18168823 


 18886527 


 18399439 


 18481912 


 18291483 


 18484276 


 18568240 


 18447687 


 18428510 


 25771699 


 18909502 


 18162198 


 18148907 


 18487771 


 18427654 


 18387372 


 18385642 


 18533412 


 18607744 


 18692055 


 18337503 


 18934085 


 18955739 


 18853278 


 18948060 


 18586611 


 18180357 


 18225348 


 18599248 


 18424289 


 18131127 


 18365767 


 18185945 


 18590702 


 18734843 


 18407784 


 18212079 


 18664400 


 18872026 


 18424136 


 18149465 


 18842386 


 18605451 


 18130837 


 18158887 


 18715577 


 18510755 


 24403522 


 18816720 


 18266811 


 18957805 


 18375613 


 18234078 


 18533235 


 18442390 


 28256080 


 18763137 


 18766698 


 18663940 


 18524301 


 18549868 


 18855226 


 18782222 


 18203251 


 18253226 


 18420681 


 18645380 


 18299443 


 18503647 


 18270085 


 18162006 


 18210592 


 18234677 


 18177933 
1230830136 

 18783433 


 18300176 


 18702116 


 18413163 


 18543098 


 18410514 


 18374281 


 18801680 


 18366373 


 18580425 


 21232209 


 18415375 


 18295597 


 18742746 


 18151649 


 18898715 


 18729940 


 18810655 


 18531868 


 18851640 


 18875947 


 18691882 


 18224547 


 18615373 


 18615517 


 18598585 


 18238951 


 18750855 


 51829432 


 18786919 


 18257526 


 18594439 


 18515933 


 18306937 


 18519658 


 18130641 


 18530654 


 18948387 


 18222481 


 18220295 


 18475928 


 18173961 


 18448410 


 18458253 


 18589736 


 18721648 


 18691870 


 18213003 


 18668342 


 18795124 


 18347936 


 18340087 


 18567065 


 18782400 


 45330696 


 18541092 


 18126243 


 18128940 


 18583412 


 18735792 


 18235197 


 18754833 


 18575345 


 18385898 


 18819712 


 18142375 


 18507667 


 18669172 


 18169084 


 18270575 


 18326701 


 18710715 


 18247453 


 18372615 


 18630890 


 18343637 


 18171786 


 18424526 


 25768882 


 18250357 


 18454539 


 18324428 


 18542755 


 18466326 


 18284026 


 18414222 


 18367347 


 18324261 


 18631358 


 18213483 


 18432649 


 18414258 


 18453099 


 18775851 


 18555350 


 18195951 


 18398964 


 18772345 


 18764924 


 18278257 


 18288948 


 18295401 


 30271086 


 18665942 


 18310174 


 18132877 


 18825193 


 18142223 


 18472817 


 18552677 


 18275759 


 18476689 


 18792805 


 18393370 


 18727004 


 18479433 


 18161765 


 18332418 


 18900052 


 18448086 


 18213223 


 18425122 


 18159423 


 18966461 


 18743414 


 18964077 


 18501368 


 18266950 


 18626508 


 18808588 


 18326207 


 18466780 


 18422368 


 18758693 


 18580432 


 18227169 


 18723724 


 18809599 


 18914812 


 18143988 


 18193244 


 18978596 


 18244273 


 18182671 


 18649405 


 18363597 


 18430327 


 18996712 


 18544610 


 18298198 


 18392496 


 18163832 


 18224658 


 18140988 


 65136421 


 18441747 


 18421349 


 18783311 


 18981570 


 18540584 


 18245817 


 18697941 


 18134642 


 18152115 


 18189926 


 18191447 


 18219852 


 18354123 


 18433488 


 18479079 


 18655130 


 27810561 


 18165149 


 18412018 


 18306708 


 18619282 


 18324478 


 18959241 


 18792823 


 18477494 


 18382220 


 18685515 


 18146481 


 18243559 


 18187804 


 18477372 


 18415873 


 18197668 


 18381251 


 18585135 


 18204419 


 18207568 


 18222210 


 18167813 


 18724205 


 18342406 


 18167229 


 18264973 


 18473872 


 18145999 


 24366028 


 18197621 


 18357831 


 18920834 


 18360312 


 18896100 


 18295540 


 18585293 


 18757343 


 18205792 


 18540649 


 18934744 


 18376731 


 25683495 


 18208940 


 18546813 


 18869513 


 18429744 


 18722502 


 18863876 


 18691124 


 18606634 


 67525286 


 18280042 


 18630394 


 18551911 


 18500170 


 18883262 


 18165049 


 18751947 


 18261033 


 18584419 


 18175164 


 18629659 


 18250476 


 18450821 


 18141690 


 18276796 


 18327285 


 18418241 


 18420816 


 18532996 


 18557666 


 18581101 


 18609618 


 18615234 


 18656558 


 18690153 


 18916680 


 18952949 


 18587479 


 18903928 


 18630671 


 18460269 


 18327007 


 18131988 


 18731731 


 18833204 


 18958937 


 18537506 


 18410549 


 18927862 


 18680100 


 18149000 


 18369587 


 18375311 


 18142737 


 18973235 


 18954978 


 18514808 


 18926451 


 18270661 


 18616054 


 18622111 


 18759234 


 18769639 


 18999830 


 18533670 


 18710600 


 18804623 


 18909664 


 18352504 


 18899446 


 18424282 


 18481711 


 18854393 


 18800255 


 18822142 


 18675926 


 18190552 


 18138463 


 18172709 


 18191941 


 18438556 


 18557140 


 18166111 


 18198145 


 18580760 


 18733310 


 18419133 


 18652307 


 18139568 


 18566351 


 18807366 


 18243488 


 18814574 


 18611756 


 18919470 


 18791472 


 18710889 


 18680963 


 18235204 


 18239262 


 18346517 


 18187373 


 18850693 


 18943385 


 18777880 


 18707212 


 18773928 


 18975958 


 18484931 


 18166042 


 18968138 


 18464803 


 18279905 


 18337130 


 18126945 


 18139472 


 18696837 


 18744662 


 18755762 


 18837781 


 18919382 


 54886990 


 18859274 


 18527539 


 18212728 


 18132494 


 18144686 


 18197050 


 18504804 


 18848342 


 18198091 


 18653223 


 19028925 


 18141471 


 18361073 


 18523571 


 18322998 


 18528554 


 18575364 


 18235817 


 18247272 


 62034416 


 18783816 


 18327877 


 66085379 


 18497382 


 18308042 


 18220372 


 18302163 


 18406927 


 18160970 


 18898655 


 18320745 


 18945478 


 18816067 


 18206914 


 18316130 


 18353809 


 18354169 


 18287241 


 18276060 


 18445879 


 18417628 


 44451472 


 18762109 


 18637015 


 18253697 


 18534725 


 18617559 


 18690285 


 18589092 


 18427000 


 18222739 


 18610788 


 18753482 


 18313689 


 18918674 


 18488766 


 18384864 


 18132688 


 18267643 


 18908257 


 18742284 


 65794490 


 18639239 


 18804752 


 46499475 


 18254731 


 18296588 


 18426913 


 18695726 


 66231051 


 18904451 


 18736269 


 18785351 


 18223925 


 18340859 


 18922417 


 18353414 


 18157775 


 18274730 


 18270091 


 18275201 


 18629224 


 18391674 


 18762429 


 18850368 


 18292002 


 18686681 


 18657486 


 18415754 


 18734526 


 18266535 


 18288339 


 18632904 


 18834709 


 18765554 


 18227514 


 18727466 


 18822413 


 18688825 


 18802290 


 18853723 


 18710863 


 18611127 


 18178539 


 18964696 


 18156340 


 18763527 


 18767506 


 18806621 


 18375021 


 18542199 


 18778337 


 18373945 


 18131142 


 18407173 


 18742991 


 18927928 


 18154165 


 18191637 


 18204078 


 18256937 


 18774342 


 18843588 


 18242353 


 18198721 


 18243990 


 18228637 


 18394374 


 18817528 


 18757860 


 18342643 


 18553584 


 18428527 


 18833616 


 18969273 


 18974290 


 18332733 


 18231305 


 18425777 


 18718845 


 18810681 


 18126662 


 18128281 


 18138897 


 18158928 


 18168148 


 18180104 


 18182819 


 18197971 


 18201225 


 18210494 


 18212070 


 18234125 


 18257248 


 18267778 


 18275639 


 18310042 


 18310243 


 18319720 


 18337937 


 18339714 


 18346027 


 18352379 


 18353703 


 18354034 


 18361145 


 18361568 


 18392225 


 18400685 


 18406541 


 18416570 


 18428072 


 18438643 


 18440436 


 18446904 
1236767881 

 18453195 


 18485019 


 18504709 


 18530610 


 18530651 


 18577740 


 18593363 


 18644335 


 18656352 


 18720510 


 18733795 


 18737585 


 18752726 


 18787542 


 18816262 
1238010929 

 18851669 


 18910220 


 18921653 


 18330758 


 18541994 


 18838602 


 18236900 


 18898232 


 18620075 


 18693871 


 18800796 


 18225967 


 18489025 


 18808967 


 18429717 


 18909524 


 18390843 


 18516124 


 18213770 


 18733132 


 18763641 


 18708875 


 18203782 


 18546303 


 18729925 


 18723114 


 18741652 


 18317370 


 18318324 


 18385455 


 18188432 


 18249923 


 18548053 


 18231301 


 18248072 


 18404475 


 18572967 


 18345568 


 18732045 


 18498224 


 18242361 


 65485548 


 18433231 


 18502903 


 18346955 


 18314384 


 18505346 


 18540302 


 18548506 


 18244812 


 18521136 


 18505650 


 18278499 


 18452885 


 18237863 


 18884768 


 18865450 


 18771703 


 18361492 


 18724688 


 18808962 


 18485436 


 18938835 


 18735317 


 63177949 


 18349246 


 18374442 


 18400061 


 18422301 


 18463276 


 18744845 


 18460951 


 18784499 


 18587413 


 18207302 


 18253205 


 18465145 


 18526102 


 18205463 


 18306809 


 18918915 


 18926223 


 18128072 


 18922380 


 18390119 


 18656509 


 19000474 


 18957466 


 18607705 


 18312649 


 18223354 


 18132618 


 18917726 


 18142557 


 18387237 


 18520456 


 21956416 


 18733262 


 18612620 


 18759950 


 18583905 


 18247062 


 18222608 


 18452560 


 18586683 


 18742038 


 18906553 


 18432487 


 18699043 


 18799997 


 18142856 


 18321034 


 18275737 


 18281536 


 18539596 


 18648378 


 18612010 


 18287075 


 18637994 


 18152728 


 18327042 


 18991914 


 18550456 


 18792813 


 18754867 


 18540539 


 18225452 


 18211454 


 18138767 


 18450876 


 55890900 


 62320462 

