userid
33
38
45
51
58
60
71
82
83
85
91
96
112
115
116
122
136
191
204
208
209
225
230
233
234
243
255
268
274
278
292
305
320
327
337
342
361
364
372
383
392
404
432
437
445
456
493
536
543
549
571
572
573
609
658
672
680
681
699
730
736
742
755
758
767
770
781
797
811
822
825
832
834
842
905
912
917
974
986
1013
1034
1043
1053
1060
1088
1100
1116
1196
1199
1219
1249
1284
1304
1310
1316
1343
1360
1363
1412
1428
1431
1432
1438
1450
1492
1512
1527
1551
1574
1615
1630
1638
1659
1690
1694
1695
1727
1737
1768
1782
1785
1790
1796
1816
1831
1862
1891
1897
1909
1912
1946
1950
1965
2031
2077
2119
2128
2138
2172
2183
2197
2199
2214
2238
2257
2260
2354
2361
2385
2429
2443
2469
2484
2535
2577
2596
2611
2635
2644
2653
2688
2695
2701
2796
2847
2849
2859
2892
2908
2938
2955
2959
2972
2975
3002
3029
3085
3086
3146
3155
3201
3205
3207
3208
3226
3241
3244
3291
3295
3306
3314
3347
3381
3434
3488
3560
3561
3619
3631
3715
3747
3788
3797
3798
3820
3834
3886
3937
3957
4023
4035
4038
4120
4160
4161
4172
4194
4196
4200
4203
4227
4228
4234
4249
4257
4321
4323
4435
4465
4482
4491
4590
4593
4725
4728
4766
4782
4830
4853
4857
4883
4893
4903
4906
4926
4950
4958
4964
4997
5023
5055
5056
5175
5190
5261
5274
5291
5295
5302
5314
5343
5346
5363
5416
5441
5469
5475
5486
5542
5559
5653
5728
5791
5821
5921
5975
6013
6044
6068
6212
6244
6266
6276
6330
6335
6340
6345
6367
6399
6448
6482
6486
6521
6533
6583
6681
6819
6884
6898
6899
6920
6932
6946
6992
7021
7028
7140
7173
7264
7277
7280
7345
7532
7581
7595
7648
7734
7850
7862
7872
7883
7891
7913
7965
8005
8026
8047
8091
8203
8331
8355
8418
8435
8479
8482
8677
8678
8701
8707
8741
8747
8912
8946
8954
8981
8985
9161
9204
9236
9266
9328
9382
9410
9435
9453
9476
9493
9535
9567
9611
9636
9664
9732
9833
9859
9913
9922
9936
9951
10040
10077
10088
10098
10293
10333
10366
10431
10433
10522
10585
10608
10675
10693
10703
10755
10756
10779
10897
11125
11142
11194
11208
11236
11238
11249
11256
11296
11333
11339
11343
11354
11387
11397
11410
11464
11492
11522
11543
11545
11574
11702
11708
11755
11760
11802
11829
11898
11917
11956
11995
12037
12113
12243
12248
12349
12386
12388
12452
12458
12503
12579
12631
12637
12716
12744
12870
12943
12983
13009
13018
13022
13051
13055
13227
13263
13281
13295
13338
13356
13370
13379
13430
13441
13442
13500
13508
13531
13663
13688
13700
13713
13792
13895
13913
13930
13940
13989
14065
14069
14089
14101
14118
14139
14302
14316
14419
14420
14537
14540
14569
14582
14606
14637
14660
14690
14731
14744
14752
14777
14902
15004
15031
15055
15124
15173
15354
15369
15371
15401
15410
15441
15459
15537
15609
15613
15614
15622
15649
15691
15721
15809
15825
15955
15985
16012
16050
16148
16185
16241
16306
16440
16487
16534
16632
16645
16673
16744
16794
16853
16940
16942
16964
16989
17027
17194
17211
17343
17447
17498
17523
17560
17675
17744
17965
18061
18103
18107
18192
18196
18309
18333
18437
18505
18511
18548
18631
18664
18771
18811
18853
18858
18909
18941
19020
19074
19112
19212
19224
19403
19410
19479
19501
19746
19856
19875
19929
20003
20074
20126
20133
20198
20261
20336
20358
20377
20400
20446
20471
20498
20580
20654
20712
20745
20770
20774
20816
20946
20951
20979
21005
21061
21186
21244
21318
21336
21406
21461
21475
21499
21574
21632
21668
21677
21709
21728
21734
21755
21918
21926
21966
21974
21981
22076
22118
22224
22303
22470
22471
22514
22564
22702
22820
22992
22996
23072
23234
23249
23309
23341
23368
23501
23524
23572
23667
23681
23691
23822
23897
23903
23935
23973
24039
24054
24126
24197
24218
24283
24391
24481
24545
24696
24708
24718
24744
24872
24949
24958
25020
25068
25201
25216
25222
25282
25300
25320
25361
25412
25418
25450
25457
25507
25515
25645
25688
25749
25847
26004
26051
26086
26130
26133
26143
26160
26188
26192
26196
26197
26210
26226
26227
26310
26327
26334
26349
26457
26510
26521
26699
26931
27009
27290
27294
27305
27328
27358
27404
27439
27457
27474
27478
27491
27657
27727
27805
27870
28029
28045
28128
28149
28260
28278
28324
28343
28351
28380
28401
28422
28482
28557
28586
28647
28802
28817
28835
28841
29157
29347
29443
29505
29538
29595
29726
29995
30099
30155
30176
30280
30317
30394
30453
30478
30512
30563
30576
30587
30618
30636
30786
30850
30917
30946
31092
31141
31158
31317
31399
31470
31505
31516
31610
31641
31667
31750
31751
31765
32043
32136
32173
32203
32232
32240
32242
32262
32453
32484
32688
32816
32834
32892
32943
33080
33226
33264
33311
33411
33522
33584
33686
33796
33890
34133
34155
34372
34395
34548
34549
34796
34806
34820
34824
34935
34942
35026
35142
35197
35288
35416
35440
35501
35634
35690
36007
36036
36297
36545
36590
36620
37020
37055
37193
37196
37298
37418
37472
37532
37759
37843
37947
37966
38055
38124
38126
38140
38172
38211
38256
38522
38626
38663
38743
38765
38813
38940
38971
38975
39036
39068
39277
39278
39289
39371
39396
39478
39489
39529
39532
39539
39590
39693
39709
39912
39974
39975
39980
40002
40106
40149
40161
40214
40310
40322
40347
40480
40568
40650
40667
40676
40872
40882
40916
40939
40945
41012
41021
41169
41283
41360
41613
41619
41661
41718
41983
42005
42024
42106
42139
42223
42229
42303
42340
42348
42372
42610
42636
42754
42769
42974
43089
43118
43217
43337
43582
43662
43681
43756
43792
43907
43960
44084
44232
44389
44522
44533
44537
44562
44673
44683
44743
44757
44765
44815
44852
44952
45005
45091
45261
45350
45382
45433
45525
45603
45624
45654
45767
45843
45849
45963
45967
46011
46058
46064
46076
46207
46279
46297
46304
46387
46411
46571
46724
46768
46821
46914
46926
47012
47013
47036
47110
47161
47167
47278
47322
47341
47550
47589
47630
47672
47680
47775
47984
48003
48062
48067
48311
48450
48461
48492
48552
48553
48625
48695
48700
48837
48886
49018
49032
49202
49246
49318
49383
49478
49485
49560
49632
49701
49739
49742
49885
49887
49951
50049
50214
50305
50394
50419
50447
50475
50820
50899
50913
50974
51025
51133
51167
51197
51230
51382
51387
51425
51507
51518
51649
51819
52074
52162
52207
52256
52360
52420
52444
52529
52745
52817
52879
52913
52962
53007
53069
53120
53158
53185
53236
53261
53262
53328
53501
53543
53653
53670
53740
53897
54009
54017
54026
54064
54155
54197
54259
54408
54420
54426
54467
54522
54746
54760
54818
54829
54937
55074
55094
55124
55164
55246
55351
55377
55562
55747
55774
55787
55818
55891
55925
55935
55943
56079
56149
56256
56338
56409
56449
56509
56524
56679
56761
56763
56778
56864
56952
57036
57120
57185
57477
57482
57611
57698
57757
57847
57872
57883
57986
57997
58082
58129
58309
58391
58394
58505
58521
58553
58634
58737
58743
58803
58839
58880
58961
58994
59015
59035
59058
59087
59198
59202
59242
59279
59300
59301
59314
59468
59501
59666
59692
59730
59941
59947
60002
60072
60117
60188
60200
60281
60286
60488
60518
60628
60711
60724
60733
60758
60893
60956
61027
61072
61156
61320
61342
61395
61410
61439
61525
61639
61714
61855
62024
62055
62122
62130
62163
62192
62194
62255
62361
62391
62539
62544
62553
62642
62653
62694
62776
62951
63051
63235
63309
63651
63775
63810
63832
63898
64106
64174
64226
64313
64334
64586
64709
64742
64750
64873
64878
64895
64960
65070
65120
65230
65503
65843
65917
66058
66098
66158
66475
66516
66519
66522
66549
66580
66593
66686
66692
66708
66725
66803
66814
66975
67022
67038
67063
67129
67132
67153
67168
67179
67258
67268
67357
67381
67405
67476
67521
67796
67824
67945
67959
68043
68063
68115
68183
68204
68210
68262
68283
68287
68304
68348
68452
68473
68499
68571
68654
68751
68788
68805
68814
68920
69346
69358
69514
69545
69636
69654
69742
69746
69749
69783
69809
69882
69993
70192
70288
70339
70414
70592
70702
70826
70942
71074
71131
71271
71376
71410
71422
71470
71509
71713
71830
71883
71904
72136
72176
72324
72420
72443
72508
72583
72631
72746
72760
72858
72974
73137
73228
73501
73535
73603
73673
73794
73804
73831
73987
74118
74195
74238
74264
74314
74389
74449
74612
74908
74939
75033
75504
75525
75642
75701
75761
75799
75877
76337
76393
76439
76486
76487
76509
76535
76661
76682
76701
76722
76777
76799
76835
77004
77087
77121
77174
77449
77466
77507
77538
77674
77712
77775
77884
77914
78000
78093
78182
78259
78351
78374
78436
78685
78720
78970
79109
79435
79439
79465
79485
79708
79891
79980
80002
80040
80112
80209
80222
80246
80274
80282
80353
80363
80368
80389
80530
80559
80572
80701
80796
80860
80869
80901
80907
80911
80932
80969
81394
81398
81424
81491
81514
81520
81636
81769
81785
81800
82017
82062
82098
82118
82156
82197
82320
82330
82368
82515
82586
82609
82865
83039
83096
83144
83313
83475
83528
83658
83819
83897
83905
83916
83952
84118
84131
84167
84201
84206
84216
84270
84278
84325
84398
84399
84424
84433
84458
84539
84631
84685
84704
84745
84885
84952
85040
85057
85140
85185
85248
85360
85385
85514
85597
85821
85931
85950
85952
86020
86038
86046
86060
86073
86112
86128
86156
86191
86218
86263
86555
86611
86622
86731
86751
86860
86989
87053
87072
87152
87238
87302
87383
87399
87520
87610
87739
87942
87968
87973
88053
88054
88069
88096
88111
88204
88409
88427
88461
88493
88558
88597
88622
88898
89054
89334
89484
89556
89566
89605
89691
89752
89761
89766
89818
89989
90025
90308
90511
90527
90691
90859
90922
91385
91414
91579
91593
91607
91610
91612
91617
91729
91748
91769
91866
91943
91970
92040
92129
92153
92166
92213
92238
92319
92371
92487
92568
92621
92679
92692
92714
92735
92813
93004
93356
93422
93468
93580
93613
93647
93652
93770
93781
93796
93802
93995
94150
94169
94239
94278
94508
94541
94813
94815
94893
95135
95245
95265
95267
95309
95313
95353
95642
95706
95735
95873
95944
96140
96180
96588
96723
96823
96854
96864
96898
97010
97248
97526
97686
97688
97767
97901
97925
97926
97964
98050
98094
98204
98215
98299
98357
98361
98389
98422
98491
98494
98514
98516
98607
98814
99033
99213
99256
99329
99367
99401
99422
99502
99694
99821
99834
99876
99877
99900
99923
99971
99989
100066
100142
100175
100240
100516
100652
100747
100835
100894
101055
101090
101095
101152
101689
101811
101823
101999
102040
102112
102181
102207
102371
102482
102526
102533
102635
102689
102704
102957
103089
103202
103203
103264
103385
103532
103568
103617
103682
103739
103753
103842
103999
104004
104015
104021
104040
104059
104060
104085
104380
104427
104450
104452
104459
104815
104833
104934
104950
104998
104999
105035
105066
105084
105167
105459
105570
105662
105717
105760
105971
106095
106111
106140
106159
106205
106244
106303
106403
106528
106616
106658
106862
106979
107004
107029
107129
107156
107158
107277
107301
107409
107415
107455
107459
107625
107748
107768
107783
107862
107922
108130
108207
108234
108493
108512
108714
108869
108915
109035
109112
109122
109306
109360
109374
109392
109614
109676
109749
109815
109859
109880
109941
110024
110028
110081
110358
110603
110677
110976
111021
111327
111398
111435
111438
111479
111554
111663
111665
111669
111674
111683
111691
111731
111734
111777
111896
111934
111988
112100
112194
112212
112355
112451
112603
112705
112755
112765
112976
113079
113124
113195
113247
113416
113419
113571
113632
113858
113938
114066
114226
114298
114388
114672
114798
114865
115182
115201
115305
115608
115690
115722
115749
115751
115781
115949
115983
115988
116169
116388
116395
116512
116522
116639
116791
116838
116858
116891
116895
117039
117069
117092
117104
117507
117554
117642
117658
117802
117839
117899
117919
118027
118091
118110
118130
118145
118154
118175
118228
118241
118437
118495
118500
118513
118547
118584
118644
118903
118997
119081
119084
119093
119114
119198
119224
119280
119331
119549
119570
119624
119732
119775
119973
120163
120322
120330
120496
120513
120727
120800
120888
121112
121196
121445
121493
121595
121630
121660
121793
121859
121968
121993
122162
122164
122238
122339
122422
122528
122536
122607
122732
122769
122835
123213
123348
123367
123441
123468
123514
123671
123891
123914
123917
123927
124061
124119
124339
124367
124378
124426
124486
124875
124946
124966
125380
125407
125439
125440
125449
125507
125672
125673
125713
125844
125857
125921
125953
126015
126039
126280
126352
126353
126483
126545
126610
126749
126855
127084
127193
127257
127404
127479
127511
127549
127776
127853
127986
128028
128071
128076
128245
128386
128397
128421
128463
128585
128595
128618
128647
128852
128875
128967
128983
129001
129089
129164
129195
129404
129565
129735
129750
129805
129899
130006
130015
130024
130076
130121
130164
130204
130278
130442
130515
130529
130556
130758
130964
131050
131062
131120
131238
131270
131399
131527
131637
131640
131809
131818
131871
131981
132257
132331
132374
132442
132640
132724
132728
132917
132931
133098
133212
133327
133392
133418
133476
133498
133535
133566
133584
133830
133858
133939
133943
134046
134202
134263
134360
134367
134397
134484
134602
134702
134743
134754
134824
134861
135056
135318
135665
135683
135687
135731
135769
135829
135852
135946
135952
136208
136451
136525
136540
136733
136834
137067
137317
137348
137467
137639
137954
138023
138078
138125
138347
138541
138557
138578
138579
138601
138604
138606
138627
138832
139089
139117
139137
139150
139300
139357
139361
139595
139618
139637
139685
139698
139885
139909
140037
140100
140367
140448
140731
140765
140803
140811
140816
140827
140877
140899
140934
140937
140970
141186
141203
141302
141311
141555
141579
141719
141831
141835
142102
142234
142299
142636
142637
142976
143030
143097
143208
143253
143273
143327
143373
143476
143542
143804
143895
143979
144012
144088
144140
144152
144201
144408
144695
144754
144773
144833
144842
144983
145077
145173
145346
145359
145427
145435
145567
145574
145682
145888
145989
146192
146248
146289
146366
146587
146588
146603
146622
146694
146737
146780
146792
146821
146857
146873
147145
147320
147373
147381
147562
147613
147915
148011
148195
148208
148271
148366
148381
148389
148390
148449
148473
148478
148496
148601
148814
148869
148956
148968
148978
149002
149045
149206
149237
149311
149367
149391
149573
149578
149664
149738
149808
149998
150172
150225
150325
150339
150510
150771
150803
150978
151200
151312
151377
151382
151438
151641
151841
151937
151939
152205
152308
152602
152668
152825
152867
152948
153040
153110
153112
153422
153512
153535
153621
153639
153923
154065
154112
154137
154186
154280
154293
154306
154352
154439
154502
154510
155077
155082
155137
155175
155196
155268
155293
155392
155406
155409
155537
155586
155695
155726
155758
155861
155909
156242
156458
156477
156611
156623
156678
156755
156888
157142
157195
157300
157397
157404
157416
157519
157525
157629
157701
157705
157762
157804
157837
157971
158008
158014
158088
158103
158285
158288
158438
158502
158676
158768
158779
158865
159072
159118
159145
159179
159270
159319
159475
159527
159685
159982
159997
160173
160206
160245
160406
160527
160574
160820
160823
160868
161052
161056
161222
161266
161287
161397
161457
161554
161628
161735
161746
161815
161922
161967
162167
162273
162325
162337
162381
162407
162414
162461
162622
163177
163189
163203
163373
163393
163394
163407
163423
163534
163799
163845
164148
164165
164171
164216
164230
164299
164377
164439
164460
164497
164506
164683
164923
164998
165009
165059
165071
165107
165154
165215
165297
165309
165448
165694
165750
165873
166012
166067
166132
166229
166251
166258
166303
166452
166476
166556
166612
166620
166658
166712
166789
166836
166838
166940
167114
167365
167451
167454
167516
167520
167614
167670
167739
167814
167897
167911
168012
168143
168177
168179
168212
168286
168501
168535
168646
168657
168703
168738
168747
168837
169150
169210
169277
169442
169477
169640
169748
169754
169774
169992
170013
170339
170352
170365
170488
170501
170521
170527
170713
170792
170830
170842
170931
170974
171136
171142
171461
171546
171662
171742
171911
171950
172029
172131
172279
172319
172350
172359
172376
172588
172617
172637
172718
172776
172964
172973
173072
173077
173397
173432
173520
173634
173655
173677
173773
173923
174261
174349
174390
174527
174621
174655
174718
174868
175057
175071
175084
175250
175296
175399
175562
175645
175893
176761
176877
177056
177222
177242
177260
177308
177347
177389
177416
177541
177800
177883
178060
178301
178433
178437
178570
178643
178854
178946
178980
179015
179032
179233
179235
179364
179386
179482
179581
179736
179748
179972
180136
180247
180253
180335
180368
180416
180420
180430
180524
180538
180659
180663
180783
180784
180862
180892
180904
181310
181351
181421
181557
181637
181771
181805
181870
182172
182269
182305
182332
182349
182448
182544
182676
182786
182959
182971
183014
183181
183339
183367
183406
183527
183579
183717
183835
183904
184046
184367
184379
184581
184730
184746
184759
184773
184774
184814
184842
184862
184882
184883
185022
185412
185432
185555
185593
185655
185657
185672
185722
185824
185859
185919
185921
185961
186202
186280
186643
186808
186849
187141
187206
187279
187291
187532
187543
187570
187644
187676
187730
187750
187907
187922
188031
188044
188081
188082
188276
188477
188740
188826
188930
188962
189006
189361
189416
189456
189478
189516
189618
189673
190155
190596
190623
190657
190750
190791
190807
190822
191332
191463
191647
191731
191997
192001
192173
192204
192310
192313
192315
192525
192727
192729
192767
192791
192801
192810
192839
192910
192923
192936
192944
193128
193133
193247
193251
193375
193376
193400
193601
193619
193634
193643
193653
193655
193688
193702
193718
193921
194000
194076
194309
194328
194351
194476
194609
194676
194940
194982
195176
195486
195504
195699
195727
196210
196451
196480
196526
196555
196561
196697
196810
196844
196874
196886
196919
196963
197036
197229
197368
197415
197473
197606
197688
197831
197843
197860
197878
197894
198003
198004
198048
198108
198128
198145
198183
198402
198553
198633
198680
198728
198729
198927
199217
199245
199305
199607
199640
199700
199722
199931
200015
200145
200172
200266
200317
200322
200449
200477
200567
200653
201130
201140
201231
201255
201387
201469
201482
201934
201952
202085
202335
202375
202382
202431
202451
202820
202862
202875
202895
202926
203018
203137
203170
203175
203262
203372
203802
203948
204479
204623
204682
204693
204699
205024
205040
205192
205270
205521
205753
205895
205926
205930
206328
206330
206463
206491
206504
206613
206720
206730
206808
206855
206857
207022
207047
207177
207258
207335
207524
207556
207633
207646
207795
207847
207894
208066
208127
208367
208662
208670
208827
208880
209102
209113
209512
209706
209920
209981
210271
210342
210559
210578
210709
210719
210780
210916
211292
211452
211528
211659
211701
211983
212159
212555
212595
212639
212700
213076
213323
213469
213474
213532
213902
213926
214010
214048
214071
214131
214296
214350
214365
214419
214547
214671
214812
214892
215068
215094
215120
215234
215282
215541
215571
215769
215895
215912
215939
215969
216021
216063
216074
216135
216190
216314
216363
216513
216605
216728
216743
216763
217067
217071
217324
217332
217603
217649
217823
217862
217992
218028
218159
218183
218284
218377
218394
218450
218473
218540
218565
218725
219159
219162
219167
219406
219443
219605
219609
219876
219931
219976
220005
220129
220255
220519
220599
220755
220761
220903
220988
221023
221149
221213
221650
221969
222159
222217
222279
222403
222427
222676
223130
223134
223201
223291
223367
223465
223863
224004
224030
224087
224428
224922
224988
224998
225020
225074
225128
225239
225253
225262
225269
225394
225537
225727
225799
225808
225814
225885
225998
226235
226376
226431
226473
226619
226621
226895
226897
226906
226958
227026
227046
227149
227171
227523
227698
227765
227809
227848
227863
227943
228049
228109
228660
228755
229072
229424
229558
229652
229656
229686
229849
229853
230632
230717
230884
231002
231116
231179
231181
231211
231216
231317
231417
231435
231456
231465
231567
231588
231677
231716
231826
231917
231957
231982
232403
232417
232495
232619
232687
232695
232707
233087
233254
233286
233421
233428
233522
233572
233679
233971
234224
234240
234322
234435
234451
234543
234670
234780
234922
235123
235158
235179
235267
235297
235310
235334
235588
235708
235715
235771
236106
236112
236128
236136
236215
236222
236465
236501
236587
236743
236924
237091
237121
237428
237472
237681
237690
237743
237808
237815
237858
237934
238052
238061
238134
238190
238232
238260
238411
238419
238469
238578
238631
238779
238849
238880
238884
238898
238937
238948
238978
239129
239168
239243
239279
239438
239512
239527
239663
239768
239801
239879
239932
239991
240141
240324
240363
240569
240613
240698
240733
241475
241590
241631
241654
241717
241824
241853
242079
242682
242751
242839
242897
242930
242934
242940
243164
243203
243213
243225
243233
243494
243613
243755
243780
243967
243999
244000
244005
244061
244297
244333
244353
244394
244413
244526
244681
244727
244826
244932
245004
245008
245376
245416
245495
245549
245552
245836
245858
245860
245926
246114
246263
246277
246285
246365
246616
246776
246793
246886
246963
247029
247090
247265
247372
247402
247533
247542
247560
247707
247763
248129
248164
248168
248237
248296
248430
248432
248480
248547
248616
248733
248827
248848
248959
248981
248994
249001
249034
249071
249375
249543
249571
249634
249690
249699
249916
249933
249991
250164
250190
250260
250304
250422
250524
250728
251154
251162
251234
251257
251304
251569
251589
251614
251671
251986
252000
252047
252253
252289
252556
252591
252593
252679
252799
253288
253348
253387
253456
253470
253530
253656
253686
253714
253800
253924
253940
253944
253976
253986
254257
254306
254428
254477
254635
254643
254790
254837
255240
255412
255439
255446
255562
255627
255844
255918
255961
256007
256062
256077
256239
256405
256439
256465
256612
256618
256662
256793
257022
257234
257314
257356
257449
257493
257530
257558
257583
257611
257705
257796
257906
257948
258482
258526
258689
258755
258813
258863
259130
259227
259541
259562
259576
259681
259881
259900
260056
260080
260127
260511
260594
260665
260841
261052
261257
261566
261660
261682
261694
261970
262125
262325
262627
262667
262852
262914
263170
263215
263268
263521
263851
264028
264052
264273
264276
264419
264795
264802
264950
264984
265103
265205
265260
265261
265289
265341
265519
265521
265530
265629
265650
265877
266012
266074
266250
266261
266453
266536
266542
266552
266642
266720
266763
266804
266827
267197
267269
267304
267470
267679
267702
267705
267831
267869
267892
268074
268098
268125
268349
268588
268733
268850
269106
269126
269246
269404
269521
269585
269763
269905
269970
270311
270315
270531
270536
270663
270852
271087
271200
271534
271619
272087
272109
272342
272501
272706
272741
272824
272839
272869
273212
273266
273340
273637
273657
273723
273812
274117
274299
274344
274359
274392
274473
274601
274627
274677
275119
275221
275289
275354
275390
275414
275449
275674
275807
275990
276030
276070
276315
276595
276640
276859
276959
276989
277087
277140
277256
277330
277368
277434
277465
277480
277516
277553
277578
277581
277603
277683
277696
277826
278337
278470
278533
278618
278851
278859
279259
279313
279362
279521
279691
279776
279911
280222
280244
280698
280924
281014
281092
281180
281434
281465
281469
281488
281671
282315
282328
282343
282383
282474
282475
282601
282635
282676
282706
282772
282789
282887
282918
283037
283055
283296
283311
283538
284560
284685
284741
284758
284908
284975
285178
285587
285594
285873
286149
286204
286260
286289
286579
286630
286791
286802
286937
287047
287100
287282
287311
287316
287403
287436
287586
287745
287793
287976
288032
288190
288247
288280
288317
288341
288439
288568
288671
288738
288746
288773
288980
289246
289319
289572
289666
289918
290028
290082
290340
290535
290613
290629
290645
290650
290957
291059
291120
291224
291293
291550
291557
291701
291772
291788
292166
292233
292291
292558
292831
293369
293487
293545
293680
293843
294022
294089
294642
294661
294728
294863
294884
295112
295133
295189
295302
295508
295654
295797
296074
296108
296155
296231
296387
296427
296446
296460
296516
296568
296635
296810
296974
297114
297115
297119
297641
297683
297762
297776
297791
297907
298288
298336
298406
298430
298455
298539
298607
298624
298875
298891
299138
299216
299711
299871
299909
300098
300118
300129
300248
300311
300675
300745
300805
300972
301336
301795
301804
301816
301897
301957
302251
302533
302613
302707
302908
302969
303056
303073
303155
303221
303347
303477
303612
303685
304151
304319
304357
304684
304725
304767
304785
304832
304870
305189
305270
305555
305684
305732
305818
306253
306346
306651
306719
306894
306918
306961
307007
307106
307163
307428
307797
307989
308079
308316
308661
308674
308745
308903
308942
309412
309483
309588
309683
309798
309834
310001
310121
310133
310139
310276
310291
310370
310429
310648
310678
311130
311220
311343
311465
311509
311525
311660
311744
311764
311865
311901
312124
312317
312483
312499
312586
312675
312907
313088
313163
313245
313389
313421
314073
314087
314247
314661
314836
314862
314963
315200
315374
315386
315427
315445
315625
315635
315828
315998
316082
316357
316429
316469
316644
316700
316799
316847
316959
317301
317331
317785
317937
317975
318071
318174
318493
318599
318752
318758
319097
319618
319650
319702
319773
319854
320018
320460
320486
320586
320681
320700
320724
321172
321555
321597
321721
321731
321838
321862
321946
321973
322251
322355
322518
322642
322900
322933
323332
323404
323787
323874
323924
324007
324152
324249
324315
324381
324417
324831
324850
324853
324943
324968
325129
325192
325241
325408
325418
325727
326010
326370
326389
326518
326544
326820
326821
326849
326900
326904
327011
327026
327258
327317
327402
327508
327528
327862
328397
328445
328518
328558
328765
328968
329082
329424
329700
329755
329781
329829
329993
330057
330867
330889
331071
331439
331508
331515
331609
331747
331785
331896
332100
332258
332525
332578
332617
332624
332893
333255
333283
333382
333390
334053
334209
334369
334395
334545
334982
335036
335499
335717
335997
336100
336186
336384
336527
336578
336626
336920
336929
336940
337227
337455
337522
337690
337806
338204
338476
338547
338825
338840
338961
339038
339108
339171
339428
339500
339644
339843
339946
340002
340390
340554
340628
340939
340947
341008
341091
341443
341583
341611
341683
341806
342059
342073
342095
342391
342518
342740
342745
342925
342984
343204
343309
343381
343845
343955
344286
344769
344822
345157
345282
346012
346112
346297
346309
346332
346443
346561
346804
346977
347339
347484
347565
347807
347849
348056
348081
348092
348183
348189
348261
348301
348311
348408
348545
348869
349041
349045
349100
349112
349223
349308
350061
350087
350294
350542
350648
350685
351126
351564
351614
351723
351754
351900
351903
351980
352157
352442
352555
352627
352765
352860
352959
353030
353137
353410
353512
353612
353674
353790
354414
354742
355005
355044
355063
355281
355325
355507
355583
355657
355682
356020
356178
356372
356387
356438
356440
356726
356790
356849
356895
357024
357034
357189
357261
357314
357349
357587
357641
357801
358193
358240
358438
358471
358480
358834
359104
359376
359380
359476
359506
359650
359844
359862
359866
360481
360539
360553
360758
360811
360890
361001
361247
361312
361833
361883
362437
362461
362479
362589
362857
363078
363363
363503
363573
363603
363661
363701
363829
364001
364253
364312
364746
364914
364969
365011
365019
365251
365256
365265
365298
365496
365526
365624
365709
365738
365985
366121
366133
366207
366256
366309
366447
366472
366916
367141
367285
367319
367339
367401
367486
367562
367593
367677
367985
368070
368084
368259
368364
368599
368691
368864
368892
369161
369185
369411
369707
369759
369872
370286
370639
370925
371301
371588
371739
372149
372364
372405
372519
372526
372630
373142
373201
373496
373515
373674
373712
373721
373784
373908
374198
374476
374499
374916
375166
375192
375232
375300
375373
375566
375655
375874
376083
376483
376702
376742
376947
377031
377133
377337
377419
377613
377739
377856
377920
378024
378049
378170
378622
378698
378874
378968
379008
379028
379739
379865
379888
380038
380277
380317
380432
380562
380714
380719
381088
381699
381798
381800
381979
382135
382252
382275
382307
382485
382920
383148
383393
383691
383744
383759
383986
384016
384080
384115
384306
384443
384483
384554
384706
384864
384964
385051
385138
385275
385387
385478
385559
385563
385869
385897
386263
386579
386751
386817
386869
387064
387199
387298
387405
387552
387774
387848
387906
387912
388025
388026
388350
388364
388458
388520
388538
388916
389051
389161
389200
389222
389237
389271
389288
389430
389432
389500
389745
389823
389890
390426
390501
391104
391126
391227
391531
391986
392044
392390
392572
392684
392694
392975
393087
393373
393406
393440
393639
393879
393964
393984
394241
394736
394868
394933
395146
395239
395255
395500
395661
395729
395744
395869
395974
396077
396133
396183
396335
396383
396476
396681
396732
396841
397062
397092
397524
397901
397985
397991
398055
398230
398248
398341
398398
398431
398460
398477
398499
398546
398909
399037
399145
399232
399268
399457
399459
399584
399649
399707
399772
400223
400406
400440
400547
400962
401019
401048
401092
401147
401584
401828
402011
402081
402098
402169
402253
402610
402637
402786
403015
403230
403965
404020
404033
404146
404395
404409
404568
405013
405022
405046
405210
405383
405398
405781
405818
406278
406322
406659
406677
406790
406857
407236
407418
407650
407674
407704
407756
407943
408780
409279
409631
409958
409976
410065
410102
410636
410693
410757
410767
410824
410921
410937
411023
411247
411449
411517
411540
411924
411954
411965
412107
412916
413174
413414
413872
413910
414064
414773
414777
414933
414972
415037
415477
415795
415865
415973
416056
416412
416467
416631
416729
417143
417292
417449
417520
418029
418055
418146
418198
418343
418384
418413
418507
418549
418617
418638
419516
420001
420259
420261
420292
420515
420613
420840
420902
421018
421109
421195
421372
421611
421753
422073
422121
422597
422859
423079
423278
423316
423620
423699
423880
423903
424413
424611
424690
424716
425481
425741
425964
426227
426266
426305
426332
426344
426493
426590
426671
426860
426996
427292
427306
427494
427544
427733
427855
428022
428073
428137
428190
428442
428632
428705
428753
428757
428862
429377
429427
429501
429620
429850
429909
429938
430167
430254
430652
430720
430803
430926
431053
431080
431472
431537
431769
431780
431880
431918
431919
431937
432056
432209
432368
432848
433417
433570
433685
433718
433940
433950
434089
434218
434375
434460
434461
434893
434910
435093
435129
435471
435559
435565
435605
435645
435951
436028
436493
436641
437132
437176
437242
437247
437523
437768
437833
438140
438154
438158
438319
438339
438615
438624
438982
439232
439427
440093
440096
440243
440266
440336
440502
440611
440621
440694
440925
441016
441049
441343
441628
441717
442124
442580
442695
443141
443244
443297
443602
443664
443966
444324
444569
444668
445087
445126
445131
445142
445303
445348
445533
445600
445884
446188
446529
446591
446835
446929
447023
447356
447429
447886
447979
448005
448078
448192
448232
448413
448452
448625
449007
449035
449132
449156
449161
449310
449378
449568
449897
449902
449907
450128
450153
450456
450466
450534
450602
451007
451221
451475
451540
451634
452421
452432
452680
452830
453271
453435
453590
453594
453673
453712
454017
454049
454488
454671
454780
454998
455257
455268
455292
455319
455340
455479
455492
455979
456218
456532
456850
456851
457036
457059
457148
457172
457208
457237
457261
457375
457445
457898
457982
458042
458093
458509
458610
458680
458700
458742
458773
458790
458960
458969
459184
459271
459367
459384
459537
459737
459780
459876
459987
460407
460611
460750
461537
461561
461631
461872
461880
461992
462113
462307
462608
462631
462971
463065
463300
463304
463721
463785
463833
463857
464253
464277
464465
464885
465408
465558
465876
465986
466056
466694
467255
467339
467386
467569
467875
468017
468311
468312
468345
468384
468455
468498
468724
468746
468793
468968
469106
469300
469319
469408
469563
469652
470184
470760
470772
471011
471093
471136
471213
471255
471313
471436
471607
471681
471795
471891
471927
472034
472123
472245
472270
472300
472344
472377
472485
472501
472537
472614
472647
472897
473539
473763
474326
474597
474883
474980
475247
475349
475353
475472
475763
475861
475890
476024
476412
476747
477754
477865
477878
478108
478144
478296
478399
478460
478478
478513
478520
478573
478636
478687
479112
479180
479291
479468
479886
480231
480346
480527
480632
480691
480692
480716
481061
481239
481493
481702
482138
482255
482473
482506
482594
482717
483040
483163
483728
483753
484082
484290
484390
484462
484478
485098
485115
485337
485352
485406
485498
485561
485680
485743
485844
486057
486139
486209
486578
486720
486818
486845
487060
487219
487328
487339
487855
487980
488054
488433
488434
488505
488506
488666
488856
489213
489261
489607
489669
489718
489856
490315
490326
490337
490961
491181
491753
491790
492336
492364
492405
492460
492508
492694
492767
492857
492886
492901
493122
493193
493476
493749
493965
494074
494143
494461
494826
494901
495452
495455
495670
496223
496700
496864
496949
496965
497060
497132
497180
497208
497418
497470
497934
498090
498624
499417
499448
499587
499699
499825
499990
500401
500451
500805
500944
500974
501134
501171
501173
501187
501452
502052
502671
502816
502867
503110
503900
503901
504099
504130
504162
504239
504299
504325
504612
504958
505075
505306
505383
505714
505762
506236
506783
506822
507018
507153
507313
507323
507519
507629
507737
507810
508127
508236
508284
508343
508377
508518
508601
509213
509233
509535
509600
509670
509807
510314
510346
510435
510731
511438
511488
511529
511659
511797
511886
512993
512994
513302
513413
514235
514316
514493
514773
515054
515514
515659
515976
515986
515990
516160
516476
516512
516629
516813
516883
517066
517406
517477
517483
517558
517781
518116
518169
518201
518513
518537
518927
519002
519413
519526
519755
519836
519882
520141
520162
520396
520692
520733
520771
521015
521070
521180
521706
522047
522058
522337
522663
522665
522962
523058
523168
523234
523325
523507
524358
524588
524723
524987
524990
525004
525016
525146
525342
525445
525706
525872
525980
526095
526367
526895
526924
527053
527185
527288
527516
527623
527699
527702
528130
528370
528396
528590
529618
529640
529866
529995
530585
530634
530955
530993
531272
531466
531783
531954
532462
532675
532978
533399
533617
533861
533863
533941
534101
534218
534617
534755
534994
535637
535822
535967
536086
536091
536116
536299
536607
536610
536739
536768
537082
537173
537422
537544
537794
537925
537943
538191
538308
538428
538551
538718
538789
538837
539085
539284
540009
540638
541582
541597
541786
542091
542285
542308
542517
543220
543539
543572
543711
544079
544094
545877
546427
546509
547071
547198
547214
547231
547726
547794
547894
548218
548360
548591
548634
548744
549226
549273
549848
550177
550265
550309
550471
550738
551406
551559
551736
552236
552279
553223
553566
553609
553877
554002
554019
554217
554327
554340
555222
555619
555690
555806
555948
556006
556011
556167
556169
556282
556337
557067
557527
558423
558639
558699
559142
559676
559742
559850
560065
560073
560204
560283
560287
560660
560714
560735
561309
561395
561545
561626
562073
562417
562440
562478
562497
562697
562769
563282
563420
563718
563762
564083
564101
564559
564653
564721
564979
565174
565283
565968
566145
566360
567620
567879
568085
568393
568508
568884
568975
569027
569077
569183
569466
569497
569654
569872
570002
570191
570339
570689
570928
570930
571319
571507
571648
571718
572207
572438
572737
572743
572771
573082
573261
573283
573432
573925
573936
574122
574190
574419
575065
575281
576050
576267
576510
576589
576682
576766
576786
576831
577436
577732
577954
578462
578895
579646
580556
581205
581866
581994
582211
583464
583539
583916
583980
584192
584440
584670
584676
584933
585101
585552
585795
586131
586528
586731
586986
587415
587736
587884
587920
588758
588855
588868
588967
589089
589195
589909
589927
590083
590088
590278
590531
590586
590840
590849
590956
591005
591016
591282
591656
591826
592035
592099
592323
592344
592704
592746
594161
594235
594765
594781
595234
595437
596362
596364
596691
596952
597292
597388
597624
597755
597992
598247
598511
598516
598714
599091
599116
599184
599346
599418
599841
599912
600082
600322
600500
600539
601909
602011
602129
602257
602260
602323
602524
603003
603007
603127
603200
603355
603840
603986
604015
604023
604511
604843
604864
605108
605343
606568
606805
607637
608576
608588
609050
609074
609387
609511
609582
609630
610094
610217
610569
610573
610940
611116
611181
611232
611750
612371
612606
612678
612987
613130
613365
613721
613860
613929
614208
614249
614460
614944
615780
616094
616172
616643
616666
616855
617302
617413
617450
617461
617762
618532
618551
618756
619177
619570
619673
620053
620273
620338
621334
621808
621944
622096
622875
623041
623266
623300
623401
623658
623990
624869
624884
625189
625242
625403
625454
625709
625870
626023
626442
626528
627005
627473
627517
628770
629685
630238
630412
630908
631473
631619
631733
632447
632472
632951
633424
633438
633513
633676
634120
634710
634821
634824
635064
635192
635300
636493
636571
636892
636987
637142
637364
637609
637889
638007
638231
638471
638529
639035
639406
639627
639891
640015
640205
640517
640558
640733
641151
641514
642022
643271
643742
643842
644013
644073
644518
644745
644978
645226
645460
645924
646276
646456
647405
647670
647884
648313
648371
648746
648865
648927
649287
649482
649497
649610
649665
649737
649810
650233
650312
650405
650444
650489
650492
650722
651016
651174
651418
651779
651924
652693
652722
653230
653379
653406
653457
653622
654019
654362
654480
654789
654870
654928
655134
655275
655295
655814
656147
656172
656963
657377
657514
657801
657934
658031
658809
658838
659583
659751
659906
659952
660664
661078
661229
661624
661933
662038
662063
662108
662285
662320
662493
662605
663011
663148
663660
663724
664067
664512
664806
664833
665261
665335
665363
665557
666564
667767
668082
668190
668970
669119
669322
669677
670017
670597
671639
671858
672147
672405
672892
672989
673108
673664
673924
674039
674530
674701
675065
675082
675100
675455
675502
676326
677607
677881
678833
679099
679277
680001
680268
680441
681803
681807
682302
682308
682662
682763
682869
683068
683216
683233
683553
684534
684570
685125
686849
688266
688412
689853
690672
690851
691505
692663
693560
693642
694240
695101
695132
696042
697190
697529
697684
698070
698641
699226
699632
699978
700284
700543
700663
700825
701049
701092
701346
701363
701502
701510
701678
702255
702275
702638
702948
703261
703717
703851
704513
704703
705414
705773
705869
706628
706727
706780
707414
708831
709223
709397
709439
709950
710051
710186
710316
710446
710502
710818
711085
711308
711416
711718
711926
712104
712603
713179
714232
714319
715437
715540
716008
716082
716092
716294
716492
717214
717236
717341
717559
718264
718618
718728
718762
718861
719127
719825
720176
720323
720785
720943
721937
722000
722531
722603
722890
722983
723980
724198
724310
724626
724689
725400
725417
725505
726212
726361
726802
726954
727429
727643
728168
728469
728750
728863
729403
729820
729995
731255
731284
731696
731963
732284
732372
733287
733323
733596
733644
734036
734308
734463
734687
734984
735997
736170
736893
736967
738746
738950
740018
741616
741739
742402
742422
743171
743214
743243
743561
744415
745191
745378
745835
745903
746336
747024
748343
748546
748656
749097
749477
750216
750398
750459
750511
750537
750613
750965
751090
751581
751689
751796
752288
752545
752603
753341
753377
753603
753632
755692
756246
756566
756597
757603
758177
758280
758458
758902
759019
759866
760518
760807
761330
762442
762886
763029
763080
763246
763600
763725
764446
764846
765357
765368
765551
765628
766047
766532
767829
767920
768392
768469
769091
769265
769449
770022
770127
770270
770361
770703
771311
771581
771665
772502
773263
773690
773694
774395
775119
775184
775624
775761
775936
775964
776226
776244
776560
776676
777186
777421
777906
777982
778094
778245
778581
779158
779920
781303
781339
782104
782334
783284
783396
783743
784318
784338
784597
784637
784766
784980
785745
786935
787832
788171
788260
789090
790387
790581
791018
791022
791316
791335
791406
791451
791713
793197
793454
793468
794000
794243
795016
795319
795554
796231
796490
796757
798719
799155
799258
799478
799586
799653
800123
800639
801065
801773
801858
802469
802585
802778
803739
803787
803801
805808
806106
806539
806550
807223
807325
807400
808091
809117
809150
809901
809973
810860
811001
811405
812239
813040
813159
814730
815408
815600
815767
816721
817314
818557
818700
819272
819814
819916
821484
822229
823369
823527
823528
824210
824751
824806
825024
825920
826610
827530
827629
828330
828584
828757
828983
831294
831498
831824
832065
833139
833590
834032
834063
834166
834525
834616
834754
834925
835083
835084
835251
835585
836026
836407
838151
838586
838807
839471
840090
840461
840853
840992
841915
842075
843477
843787
844872
845092
845220
846089
847116
847200
847363
847495
847773
848550
849065
849669
849843
850234
851029
851491
851498
851885
852974
853836
853906
853911
854698
854739
854965
855680
856306
856488
857475
857994
858515
859227
859968
860844
861019
861204
861679
862345
863257
863643
864787
865188
865475
865939
867232
867420
867895
869736
869912
871021
871202
872150
872344
872370
872489
872975
873055
873139
874381
875317
875342
875498
877235
877442
877644
877819
877942
878126
879664
880413
880472
880549
881635
882932
882993
883033
884521
884995
885556
886906
887235
887651
887835
887872
888051
888737
889656
894237
894792
895174
895795
896631
897756
898375
898390
898423
898749
900081
900284
902308
902424
902885
903469
903643
904173
904365
904992
905230
905418
906773
907044
907921
908123
909003
909506
910201
911930
912144
912895
913184
914308
915414
916535
918348
918414
919858
921193
923207
923636
923847
924313
924962
926907
927002
927092
927589
927667
927947
928763
929694
929701
931064
931170
931377
932307
933633
936651
937084
937624
937892
938350
938363
939713
940096
940173
940834
942041
942659
943340
943403
944430
944919
945170
945847
946312
947836
948041
948920
950147
952747
954267
954724
955237
956397
956689
957225
959306
959734
960526
960567
961627
962206
962844
962891
963156
963701
964741
965051
965884
966638
967451
968273
969528
969613
971392
971592
971741
971888
972202
972789
973397
973552
973939
974155
974627
975199
975566
975592
977121
978461
978733
979331
982853
983436
984621
985631
985736
988445
988871
989749
990616
991229
991788
992005
993437
993588
995113
995926
996035
996431
997112
998117
998696
999355
1000194
1000343
1000510
1001034
1001938
1002041
1002260
1002758
1002916
1002926
1003575
1004278
1004437
1004443
1005030
1005346
1006010
1006225
1006884
1008575
1009669
1010078
1011816
1011959
1013512
1015648
1015790
1016403
1016721
1017882
1018562
1019215
1020022
1020476
1022585
1024973
1025915
1025963
1026199
1027097
1029059
1029088
1029225
1029608
1029944
1031417
1031791
1032531
1033200
1033503
1033814
1036917
1037008
1037210
1038815
1039947
1041742
1044110
1044591
1046037
1046810
1048319
1049893
1050447
1053868
1055637
1056289
1056328
1056359
1056975
1057639
1061426
1061499
1061728
1062992
1066604
1066828
1068546
1069874
1070291
1070609
1070896
1071320
1071413
1071967
1074346
1077364
1077601
1077789
1078678
1080354
1082727
1082754
1087469
1088617
1088618
1089623
1090079
1090562
1091828
1092007
1092450
1094640
1095363
1096892
1097285
1098555
1099531
1101208
1103584
1103606
1105805
1107474
1108948
1109750
1113216
1113542
1113772
1113921
1113997
1114155
1114320
1114486
1115237
1118485
1118919
1122748
1123020
1126097
1130266
1131467
1134468
1136062
1136700
1139023
1139398
1140828
1141493
1141918
1143060
1144118
1144247
1146775
1147529
1150441
1150619
1150923
1152000
1152500
1157823
1162116
1162620
1162691
1166285
1171620
1173169
1174719
1175101
1179880
1180365
1182021
1182591
1182982
1183150
1184100
1185422
1186009
1187594
1191316
1194415
1195080
1196150
1197044
1199882
1200555
1203556
1204143
1206087
1209690
1212802
1215106
1216003
1217820
1220250
1222595
1223595
1225328
1235929
1238934
1245596
1246987
1248720
1250177
1260310
1260708
1263783
1267087
1267778
1269086
1275294
1275937
1281736
1285928
1293653
1297214
1308743
1308790
1312080
1313939
1315427
1316524
1317840
1317865
1320129
1324756
1330984
1331671
1333025
1333873
1336654
1339429
1339987
1341006
1342109
1345376
1347366
1348195
1357764
1366887
1377826
1378388
1379286
1381108
1382234
1390680
1391249
1397061
1397351
1399620
1415064
1420197
1422604
1423787
1426157
1433268
1435712
1455529
1457863
1469954
1489378
1501457
1503535
1512440
1527084
1531343
1577396
1584654
1669621
1673391
1707091
1708058
1708801
1737771
1831293
1919155
1927832
1968030
2073257
